# Entropy Sorting merger, performed at 12-09-2025 15:47:07
# star_mass = 16.3388431180549389
# num_shells = 151
# chemical_species = h1, he3, he4, c12, n14, o16
id      mass                      dm                        density                   entropy                   passive_scalar            mean_mu                   h1                        he3                       he4                       c12                       n14                       o16                       
0       1.3060591187316525e-01    1.3060591187316525e-01    5.6560210871027596e+00    1.4720722876386964e+09    1.0000000000000000e+00    7.7401579590130476e-01    4.4327895836118070e-01    3.8420504968458830e-08    5.4288539587531082e-01    9.8889789551939909e-05    8.7373944425172163e-03    6.0457585040310415e-04    
1       2.6113241877070015e-01    1.3052650689753487e-01    5.6535392114157679e+00    1.4720775633975971e+09    1.0000000000000000e+00    7.7401579590153535e-01    4.4327895836086412e-01    3.8420504441331235e-08    5.4288539587565421e-01    9.8889789709954705e-05    8.7373944423339150e-03    6.0457585040190535e-04    
2       3.9175947473075540e-01    1.3062705596005533e-01    5.6162126942866992e+00    1.4720880771904702e+09    1.0000000000000000e+00    7.7401579589370839e-01    4.4327895837145459e-01    3.8420510156071200e-08    5.4288539586499518e-01    9.8889789355178682e-05    8.7373944427230378e-03    6.0457585043022612e-04    
3       5.2197635084168603e-01    1.3021687611093086e-01    5.6303065656290894e+00    1.4721035809731629e+09    1.0000000000000000e+00    7.7401579589991654e-01    4.4327895836303333e-01    3.8420504076491096e-08    5.4288539587357842e-01    9.8889790271960591e-05    8.7373944416744911e-03    6.0457585040618828e-04    
4       6.5275468983657148e-01    1.3077833899488528e-01    5.5151429862674588e+00    1.4721234409934897e+09    1.0000000000000000e+00    7.7401579587344771e-01    4.4327895839886128e-01    3.8420524312612456e-08    5.4288539583745099e-01    9.8889788668013391e-05    8.7373944434610794e-03    6.0457585050297132e-04    
5       7.8404275407858970e-01    1.3128806424201842e-01    5.4024373386016284e+00    1.4721459963836849e+09    1.0000000000000000e+00    7.7401579584787128e-01    4.4327895843347598e-01    3.8420543335809600e-08    5.4288539580257422e-01    9.8889787280585770e-05    8.7373944449982508e-03    6.0457585059610667e-04    
6       9.0476360994610827e-01    1.2072085586751863e-01    5.3594729844674438e+00    1.4721682363709321e+09    1.0000000000000000e+00    7.7401579584163249e-01    4.4327895844189918e-01    3.8420546349353225e-08    5.4288539579418849e-01    9.8889787537373308e-05    8.7373944446800644e-03    6.0457585061736733e-04    
7       1.0135039405746245e+00    1.0874033062851682e-01    5.2584654012148624e+00    1.4721901274214745e+09    1.0000000000000000e+00    7.7401579581940683e-01    4.4327895847197230e-01    3.8420562140469161e-08    5.4288539576392281e-01    9.8889786539076797e-05    8.7373944457743540e-03    6.0457585069781307e-04    
8       1.1283926308635051e+00    1.1488869028888099e-01    5.1712516509617084e+00    1.4722143905165544e+09    1.0000000000000000e+00    7.7401579580117386e-01    4.4327895849663562e-01    3.8420574411201138e-08    5.4288539573913641e-01    9.8889785923125483e-05    8.7373944464356444e-03    6.0457585076332165e-04    
9       1.2508961468581816e+00    1.2250351599467546e-01    5.1626950247298602e+00    1.4722447316826806e+09    1.0000000000000000e+00    7.7401579580616320e-01    4.4327895848984827e-01    3.8420567736930378e-08    5.4288539574615258e-01    9.8889787240395764e-05    8.7373944449169634e-03    6.0457585074259474e-04    
10      1.3681908941831531e+00    1.1729474732497225e-01    5.2229016873996521e+00    1.4722794575217197e+09    1.0000000000000000e+00    7.7401579583061519e-01    4.4327895845670229e-01    3.8420545439652571e-08    5.4288539577982053e-01    9.8889790168273987e-05    8.7373944415824901e-03    6.0457585064958386e-04    
11      1.4752356675182132e+00    1.0704477333506024e-01    5.1174765020316686e+00    1.4723132632598934e+09    1.0000000000000000e+00    7.7401579580864055e-01    4.4327895848642529e-01    3.8420560009797321e-08    5.4288539574995820e-01    9.8889789479283334e-05    8.7373944423173519e-03    6.0457585072839777e-04    
12      1.5831899882637910e+00    1.0795432074557706e-01    5.1875557333030260e+00    1.4723438298970044e+09    1.0000000000000000e+00    7.7401579583582647e-01    4.4327895844957277e-01    3.8420535438724789e-08    5.4288539578739370e-01    9.8889792752540338e-05    8.7373944385891172e-03    6.0457585062489516e-04    
13      1.6831188532331074e+00    9.9928864969315523e-02    6.7797283561201356e+00    1.4723608146217933e+09    1.0000000000000000e+00    7.7401579627009587e-01    4.4327895786043503e-01    3.8420143201628641e-08    5.4288539638806110e-01    9.8889858306184530e-05    8.7373943635910382e-03    6.0457584893212543e-04    
14      1.7879004897471686e+00    1.0478163651406122e-01    6.6036582746405976e+00    1.4723650246248226e+09    1.0000000000000000e+00    7.7401579622387862e-01    4.4327895792320393e-01    3.8420188177477096e-08    5.4288539632371569e-01    9.8889849256096309e-05    8.7373943739869897e-03    6.0457584911782140e-04    
15      1.8892092676201087e+00    1.0130877787293918e-01    6.6605169765345318e+00    1.4723716431019368e+09    1.0000000000000000e+00    7.7401579624689554e-01    4.4327895789186195e-01    3.8420163072297986e-08    5.4288539635625455e-01    9.8889856212900406e-05    8.7373943659577388e-03    6.0457584901836580e-04    
16      2.0000767392490029e+00    1.1086747162889418e-01    6.1501625032908471e+00    1.4723796816780324e+09    1.0000000000000000e+00    7.7401579613334870e-01    4.4327895804586770e-01    3.8420263514917546e-08    5.4288539619940368e-01    9.8889840074212106e-05    8.7373943844012269e-03    6.0457584945834946e-04    
17      2.1164751182390682e+00    1.1639837899006579e-01    5.9723283641097513e+00    1.4723885659802320e+09    1.0000000000000000e+00    7.7401579609165028e-01    4.4327895810239443e-01    3.8420299201424483e-08    5.4288539614198195e-01    9.8889835037581475e-05    8.7373943901381187e-03    6.0457584961740637e-04    
18      2.2317920563036564e+00    1.1531693806458820e-01    5.8000006209213630e+00    1.4723968724279552e+09    1.0000000000000000e+00    7.7401579605859194e-01    4.4327895814710666e-01    3.8420322759118265e-08    5.4288539609707120e-01    9.8889834077391580e-05    8.7373943911552166e-03    6.0457584973526456e-04    
19      2.3524989478993219e+00    1.2070689159566761e-01    5.9520565794910416e+00    1.4724042636171021e+09    1.0000000000000000e+00    7.7401579608842708e-01    4.4327895810672069e-01    3.8420299677333293e-08    5.4288539613780395e-01    9.8889835936361468e-05    8.7373943890819601e-03    6.0457584962607337e-04    
20      2.4720660661123599e+00    1.1956711821303811e-01    6.5037329936330046e+00    1.4724119150588901e+09    1.0000000000000000e+00    7.7401579619555849e-01    4.4327895796160616e-01    3.8420214546782999e-08    5.4288539628464560e-01    9.8889845489262459e-05    8.7373943782869893e-03    6.0457584922597838e-04    
21      2.5923626399278565e+00    1.2029657381549694e-01    6.3708304241931364e+00    1.4724196072247248e+09    1.0000000000000000e+00    7.7401579619529759e-01    4.4327895796158945e-01    3.8420201442531533e-08    5.4288539628650989e-01    9.8889856473866405e-05    8.7373943654979937e-03    6.0457584919583636e-04    
22      2.7313271215786070e+00    1.3896448165074982e-01    5.0599586304229689e+00    1.4724671495965245e+09    1.0000000000000000e+00    7.7401579590618275e-01    4.4327895835288122e-01    3.8420419016634014e-08    5.4288539589219875e-01    9.8889840452278093e-05    8.7373943832697847e-03    6.0457585024733520e-04    
23      2.8643217385380169e+00    1.3299461695940817e-01    4.0791403429679374e+00    1.4726546575194390e+09    1.0000000000000000e+00    7.7401579549729216e-01    4.4327895890777197e-01    3.8420774301718805e-08    5.4288539532557956e-01    9.8889773423274448e-05    8.7373944600578173e-03    6.0457585186158983e-04    
24      2.9966453705857812e+00    1.3232363204776726e-01    3.9430207434849747e+00    1.4729870024210353e+09    1.0000000000000000e+00    7.7401579547467503e-01    4.4327895893835212e-01    3.8420785969863198e-08    5.4288539529492208e-01    9.8889773089707209e-05    8.7373944603766351e-03    6.0457585194198190e-04    
25      3.1281925623416358e+00    1.3154719175585405e-01    3.8073006291883100e+00    1.4739836249309368e+09    1.0000000000000000e+00    7.7375672738188306e-01    4.4362930725463712e-01    1.0371080541025023e-07    5.4253454622064334e-01    9.6975411513667420e-05    8.7388130282327475e-03    6.0550711363638635e-04    
26      3.2588671765154134e+00    1.3067461417377912e-01    3.5844036141167002e+00    1.5137385899188282e+09    1.0000000000000000e+00    7.5467371705603670e-01    4.7009493750942083e-01    1.2464478350550455e-06    5.1605099582561875e-01    5.7635743926026107e-05    8.7131637634587904e-03    6.8727344920919173e-04    
27      3.3481437569382289e+00    8.9276580422814555e-02    3.3665309929003264e+00    1.5672863092863500e+09    1.0000000000000000e+00    7.3017130429664934e-01    5.0610447584228835e-01    1.6871984487440130e-06    4.8002181025524637e-01    5.3307840492830678e-05    8.5888167965644784e-03    8.3515480642790607e-04    
28      3.4475187410101187e+00    9.9374984071888467e-02    6.9853839732045335e+00    1.5896933218359523e+09    0.0000000000000000e+00    6.7245835517024033e-01    6.0130634831174823e-01    2.7628571542298725e-07    3.8469675049984242e-01    7.4774683159223432e-05    7.6665401062108356e-03    1.8605628527932382e-03    
29      3.5398111234544074e+00    9.2292382444291526e-02    7.6351682822946128e+00    1.5897244367593651e+09    0.0000000000000000e+00    6.7245835523018083e-01    6.0130634820399442e-01    2.7628529669459754e-07    3.8469675061049818e-01    7.4774696763803053e-05    7.6665400918501164e-03    1.8605628510660478e-03    
30      3.6297203664774771e+00    8.9909243023068242e-02    7.8078728446968064e+00    1.5897695191791170e+09    0.0000000000000000e+00    6.7245835524321207e-01    6.0130634818061945e-01    2.7628521512267224e-07    3.8469675063423370e-01    7.4774698168115103e-05    7.6665400905267921e-03    1.8605628507060022e-03    
31      3.7807282780199638e+00    1.5100791154248649e-01    1.0380992976416669e+01    1.5898072062842319e+09    0.0000000000000000e+00    6.7245835537665266e-01    6.0130634794115856e-01    2.7628435620012684e-07    3.8469675087792926e-01    7.4774715633107934e-05    7.6665400734047704e-03    1.8605628469873707e-03    
32      3.8536690090574290e+00    7.2940731037465290e-02    1.0883708304385348e+01    1.5898147610264163e+09    0.0000000000000000e+00    6.7245835539606447e-01    6.0130634790630677e-01    2.7628422781163768e-07    3.8469675091348571e-01    7.4774718680480266e-05    7.6665400703271047e-03    1.8605628464415404e-03    
33      3.9377898345283810e+00    8.4120825470952301e-02    1.1029619532378941e+01    1.5898190798562086e+09    0.0000000000000000e+00    6.7245835540731769e-01    6.0130634788599668e-01    2.7628412842451118e-07    3.8469675093477812e-01    7.4774723716956751e-05    7.6665400647555476e-03    1.8605628460937327e-03    
34      4.0198890023405838e+00    8.2099167812201668e-02    9.3752949159786336e+00    1.5898284917822745e+09    0.0000000000000000e+00    6.7245835532113951e-01    6.0130634804101490e-01    2.7628476688255758e-07    3.8469675077503424e-01    7.4774701078289497e-05    7.6665400889705066e-03    1.8605628486043813e-03    
35      4.1045788317453749e+00    8.4689829404790307e-02    8.4576380042489081e+00    1.5898521045080760e+09    0.0000000000000000e+00    6.7245835526844977e-01    6.0130634813564920e-01    2.7628512626927145e-07    3.8469675067828585e-01    7.4774691667930869e-05    7.6665400986434236e-03    1.8605628500967667e-03    
36      4.1911220863593384e+00    8.6543254613961340e-02    8.2651109184656519e+00    1.5898807358307104e+09    0.0000000000000000e+00    6.7245835525493891e-01    6.0130634815991957e-01    2.7628522256849964e-07    3.8469675065344572e-01    7.4774689115643969e-05    7.6665401012853416e-03    1.8605628504804786e-03    
37      4.2800781959448235e+00    8.8956109585482140e-02    8.0382044578806937e+00    1.5899104330231805e+09    0.0000000000000000e+00    6.7245835523733333e-01    6.0130634819153883e-01    2.7628535065581596e-07    3.8469675062111153e-01    7.4774685967853578e-05    7.6665401045219357e-03    1.8605628509785694e-03    
38      4.3714422593202817e+00    9.1364063375458104e-02    8.0222813020337966e+00    1.5899362408129807e+09    0.0000000000000000e+00    6.7245835522904074e-01    6.0130634820646844e-01    2.7628542849037022e-07    3.8469675060562986e-01    7.4774683306817988e-05    7.6665401074121576e-03    1.8605628512235036e-03    
39      4.4583000723223014e+00    8.6857813002021556e-02    8.2387268634508128e+00    1.5899441025155208e+09    0.0000000000000000e+00    6.7245835523488506e-01    6.0130634819603401e-01    2.7628541711620593e-07    3.8469675061593467e-01    7.4774682349930369e-05    7.6665401086578192e-03    1.8605628510757418e-03    
40      4.5407910592120295e+00    8.2490986889730486e-02    8.0068787395038239e+00    1.5899497020612783e+09    0.0000000000000000e+00    6.7245835522425834e-01    6.0130634821507556e-01    2.7628547172535045e-07    3.8469675059672520e-01    7.4774681886471020e-05    7.6665401089465188e-03    1.8605628513637452e-03    
41      4.6958431026659779e+00    1.5505204345394830e-01    8.0773066873742323e+00    1.5899598246636305e+09    0.0000000000000000e+00    6.7245835522715625e-01    6.0130634820988438e-01    2.7628545957415968e-07    3.8469675060194802e-01    7.4774681945245403e-05    7.6665401089461988e-03    1.8605628512857425e-03    
42      4.8393646456140189e+00    1.4352154294804315e-01    7.9308053551918158e+00    1.5899706741509140e+09    0.0000000000000000e+00    6.7245835521991604e-01    6.0130634822285944e-01    2.7628549828645232e-07    3.8469675058884778e-01    7.4774681574736157e-05    7.6665401092063656e-03    1.8605628514824213e-03    
43      4.9938657916757379e+00    1.5450114606171603e-01    8.4379691133339438e+00    1.5899874460666873e+09    0.0000000000000000e+00    6.7245835525041975e-01    6.0130634816814710e-01    2.7628530439835388e-07    3.8469675064438824e-01    7.4774684746916055e-05    7.6665401062426548e-03    1.8605628506399481e-03    
44      5.0831158529154861e+00    8.9250061239750281e-02    8.9268452853418037e+00    1.5900237165868287e+09    0.0000000000000000e+00    6.7245835527555931e-01    6.0130634812306427e-01    2.7628514884897665e-07    3.8469675069010484e-01    7.4774687096149981e-05    7.6665401041073559e-03    1.8605628499479793e-03    
45      5.1718186740639522e+00    8.8702821148466893e-02    9.0475955171701159e+00    1.5900514989031396e+09    0.0000000000000000e+00    6.7245835528223019e-01    6.0130634811109740e-01    2.7628510471925853e-07    3.8469675070226722e-01    7.4774687866003184e-05    7.6665401033709311e-03    1.8605628497631360e-03    
46      5.2604727925751291e+00    8.8654118511176994e-02    9.0981803324577566e+00    1.5900771495476091e+09    0.0000000000000000e+00    6.7245835528469156e-01    6.0130634810668604e-01    2.7628508958853016e-07    3.8469675070672854e-01    7.4774688026178253e-05    7.6665401032427437e-03    1.8605628496960681e-03    
47      5.3490239307268270e+00    8.8551138151698239e-02    9.1449430254218527e+00    1.5900985195045114e+09    0.0000000000000000e+00    6.7245835528713505e-01    6.0130634810230388e-01    2.7628507381900501e-07    3.8469675071117315e-01    7.4774688255212438e-05    7.6665401030343583e-03    1.8605628496288424e-03    
48      5.4370685701350467e+00    8.8044639408220576e-02    9.4873924268500112e+00    1.5901126506436763e+09    0.0000000000000000e+00    6.7245835530091824e-01    6.0130634807759209e-01    2.7628499376126286e-07    3.8469675073619630e-01    7.4774689359692688e-05    7.6665401020764154e-03    1.8605628492509951e-03    
49      5.5277535487177563e+00    9.0684978582709033e-02    7.0164813967561130e+00    1.5902136607425301e+09    0.0000000000000000e+00    6.7245835518178765e-01    6.0130634829114049e-01    2.7628565584742317e-07    3.8469675052022451e-01    7.4774681232797318e-05    7.6665401087106970e-03    1.8605628525048218e-03    
50      5.6710606489190143e+00    1.4330710020126292e-01    4.8952777518581536e+00    1.5957321719774189e+09    2.8217632408549148e-01    6.8318406733311277e-01    5.8239603147825247e-01    1.5739034967916341e-06    4.0363244283825322e-01    6.3099264954349896e-05    7.8804946075803038e-03    1.6316106469319832e-03    
51      5.7179908108716164e+00    4.6930161952602988e-02    4.0992212749315788e+00    1.6178790633059950e+09    5.1560445019468437e-01    6.8498864054475150e-01    5.7927295584253713e-01    3.4789839906836371e-06    4.0675469732479813e-01    4.5887401481731347e-05    7.9282431416300755e-03    1.5999900450308748e-03    
52      5.8607275396018341e+00    1.4273672873021606e-01    3.8686937891292281e+00    1.6445118321303537e+09    5.6337203363961208e-01    6.7657251958591591e-01    5.9398328648478005e-01    3.7468130205251461e-06    3.9201662544320565e-01    4.4358107850228698e-05    7.7394976212009428e-03    1.8177382694113181e-03    
53      5.9971004091776416e+00    1.3637286957580835e-01    3.6523448130930385e+00    1.6836453715168145e+09    5.8663830366180325e-01    6.6255223512128281e-01    6.1932158550968452e-01    4.2961173416262330e-06    3.6661669819550385e-01    4.1401696304398653e-05    7.3188434854752340e-03    2.3024277351590297e-03    
54      6.0785255155380140e+00    8.1425106360369925e-02    3.5289001563774014e+00    1.7141403837298257e+09    5.8671496587446159e-01    6.5124284220378359e-01    6.4056014725276278e-01    4.8190204003373066e-06    3.4530345728795014e-01    3.8090273956851531e-05    6.8074763077021804e-03    2.8912625966964786e-03    
55      6.1931593825438052e+00    1.1463386700579162e-01    3.8035257376946801e+00    1.7402603613459735e+09    4.1547513482518628e-01    6.3434985953425482e-01    6.7371191277122588e-01    6.0043250866094097e-06    3.1194934442277689e-01    2.9618457609069642e-05    5.4191095850061261e-03    4.4892631777640113e-03    
56      6.2817830994360753e+00    8.8623716892269208e-02    5.0149715117495122e+00    1.7474324136167285e+09    0.0000000000000000e+00    6.1473159365129637e-01    7.1450227546626399e-01    8.4095303319090998e-06    2.7088975991319764e-01    1.7706817944908378e-05    3.5791871457968318e-03    6.6079138659333918e-03    
57      6.3695470593405821e+00    8.7763959904504640e-02    4.8672721657795091e+00    1.7481404917936013e+09    0.0000000000000000e+00    6.1470652396895265e-01    7.1455589495921412e-01    9.2829730795899840e-06    2.7083490804581878e-01    1.7233608086281445e-05    3.5777787803656196e-03    6.6101543729043784e-03    
58      6.5074110397000329e+00    1.3786398035944752e-01    4.5032443293226825e+00    1.7491137051424949e+09    5.7399238442301534e-02    6.1696899613966838e-01    7.0971876362579012e-01    1.0099545564562591e-05    2.7570313088445225e-01    1.8201255338326885e-05    3.7988774806427734e-03    6.3561799476805521e-03    
59      6.5928653610517758e+00    8.5454321351746257e-02    4.5136894806188783e+00    1.7501128303588452e+09    0.0000000000000000e+00    6.1466210768303220e-01    7.1465069050378305e-01    1.1786918926454509e-05    2.7073709056006440e-01    1.6598454047732632e-05    3.5756348390864343e-03    6.6134514635605530e-03    
60      6.6773412034703234e+00    8.4475842418549357e-02    4.3783699696808700e+00    1.7510313729135556e+09    0.0000000000000000e+00    6.1464925281416483e-01    7.1467798981609987e-01    1.2930384087742890e-05    2.7070877263787618e-01    1.7909738500496366e-05    3.5734491623928112e-03    6.6142010005114851e-03    
61      6.7608122416484440e+00    8.3471038178120877e-02    4.2464540201315728e+00    1.7520328508235538e+09    0.0000000000000000e+00    6.1463807981230756e-01    7.1470154714182699e-01    1.4163149916407696e-05    2.7068470175596809e-01    2.2641221981320863e-05    3.5674435018057562e-03    6.6147559679698787e-03    
62      6.8767279287050114e+00    1.1591568705656975e-01    3.9615370482301673e+00    1.7533461340745320e+09    6.8267614869028229e-02    6.1725636776645054e-01    7.0910510437805407e-01    1.4906865183579045e-05    2.7632031049924788e-01    3.7274249353671137e-05    3.8126676346912189e-03    6.3149891129381337e-03    
63      6.9577904447281869e+00    8.1062516023170120e-02    3.9540825070732439e+00    1.7546409623611758e+09    0.0000000000000000e+00    6.1461490854235401e-01    7.1474920747737891e-01    1.7386987269025866e-05    2.7064056049542212e-01    6.3735037275696539e-05    3.5187583192933880e-03    6.6156044228296140e-03    
64      7.0950852902746524e+00    1.3729484554646976e-01    3.7103904957721259e+00    1.7563141128685894e+09    5.7637178218597568e-02    6.1676280288363461e-01    7.1015304006455560e-01    1.8581175154259539e-05    2.7527423324045747e-01    1.0811168937670833e-04    3.6861094384075042e-03    6.3651771315172941e-03    
65      7.2504628731418199e+00    1.5537758286716349e-01    3.5860281316678231e+00    1.7586144085751457e+09    0.0000000000000000e+00    6.1458381104385562e-01    7.1481007136505537e-01    2.2673700431798117e-05    2.7059783718530322e-01    2.0477281100874341e-04    3.3536612156260339e-03    6.6162364620434757e-03    
66      7.3390700963647895e+00    8.8607223222975984e-02    3.3375926350350222e+00    1.7608376524675722e+09    8.9307476223956170e-02    6.1780464452842077e-01    7.0792907314713804e-01    2.3743063938382430e-05    2.7753729819637463e-01    2.7515191452256077e-04    3.6061684040577160e-03    6.2338180134370955e-03    
67      7.4138674635468647e+00    7.4797367182075039e-02    3.3064448888144748e+00    1.7623163936747119e+09    0.0000000000000000e+00    6.1455689429801641e-01    7.1486092899196041e-01    2.7848714191433127e-05    2.7057051756923789e-01    3.7736028128075507e-04    3.1519482905205741e-03    6.6166488922775168e-03    
68      7.5454270822382545e+00    1.3155961869139354e-01    3.1329239073259383e+00    1.7649860863007526e+09    6.0149820742634773e-02    6.1646453650315736e-01    7.1073703010652922e-01    2.9320136733691041e-05    2.7492163560709176e-01    1.5775970923427572e-03    1.9522297561772501e-03    6.3874400405937830e-03    
69      7.6737865664570997e+00    1.2835948421884286e-01    2.9767435217839897e+00    1.7677843858197410e+09    6.1649417878348357e-02    6.1639535755274133e-01    7.1087399056604339e-01    3.3150670972743044e-05    2.7482867733480520e-01    1.8646824505324532e-03    1.6171929706712972e-03    6.3875587464433965e-03    
70      7.8244060039634862e+00    1.5061943750638704e-01    2.8131879102439785e+00    1.7706995298717775e+09    5.2286690433223017e-02    6.1600411128786403e-01    7.1170250593985440e-01    3.7997403295364527e-05    2.7401933941255635e-01    2.0404542958464733e-03    1.3752279521307485e-03    6.4297277357853238e-03    
71      7.9582102666913945e+00    1.3380426272791118e-01    2.6403089699244422e+00    1.7739428850493724e+09    0.0000000000000000e+00    6.1426328884727555e-01    7.1542419923036504e-01    4.4905055858618693e-05    2.7030152128516105e-01    2.2672855805385543e-03    9.2143466426657865e-04    6.6459069232787400e-03    
72      7.9906680060079935e+00    3.2457739316599336e-02    2.5662413257258239e+00    1.7761558978234811e+09    2.4263525642696426e-01    6.2202723878398758e-01    6.9896437413834411e-01    3.7059955821551843e-05    2.8680817511600620e-01    1.7626596364114732e-03    2.3717806720734880e-03    5.6612032208117188e-03    
73      8.1190888147669309e+00    1.2842080875893874e-01    2.4411854491453973e+00    1.7783663040654454e+09    0.0000000000000000e+00    6.1425253084176745e-01    7.1544365713310065e-01    4.9589315471881348e-05    2.7029069430863117e-01    2.3471814124468105e-03    8.2821735721440120e-04    6.6459132126035561e-03    
74      8.2282046165231115e+00    1.0911580175618360e-01    2.3460836395012286e+00    1.7819383147074561e+09    1.4434924686197140e-01    6.1859044174953948e-01    7.0619618615843294e-01    4.4837464584595408e-05    2.7956371951041076e-01    2.0441501063504278e-03    1.6809070383440804e-03    6.0754524613457718e-03    
75      8.3566722176528732e+00    1.2846760112976449e-01    2.1949791751473602e+00    1.7856272906449997e+09    6.1302552806039752e-02    6.1597312127178372e-01    7.1175850107733052e-01    4.9387267351412987e-05    2.7399083796668683e-01    2.2593331504731163e-03    1.1366955143078906e-03    6.4104977633187817e-03    
76      8.4728682340384474e+00    1.1619601638556841e-01    2.0301859379773735e+00    1.7895230844036303e+09    0.0000000000000000e+00    6.1423998801908275e-01    7.1546768526982141e-01    5.1729609423438714e-05    2.7027668790048714e-01    2.4201570867014213e-03    7.4307494165024165e-04    6.6459179313850267e-03    
77      8.5891370047331250e+00    1.1626877069468167e-01    1.9345858655399668e+00    1.7934067092158303e+09    6.7734369728593619e-02    6.1606291527864265e-01    7.1156660419594187e-01    4.7087532384747898e-05    2.7418875373668194e-01    2.2675095550501278e-03    1.1436513124394388e-03    6.3916464069705249e-03    
78      8.7323330507285135e+00    1.4319604599538310e-01    1.8282721217062259e+00    1.7980196836651659e+09    1.0999454415628984e-01    6.1701385536441178e-01    7.0954127000319933e-01    4.3152588118343796e-05    2.7622017825157136e-01    2.1716682288659560e-03    1.3823687186982645e-03    6.2466149490155312e-03    
79      8.8304457804512229e+00    9.8112729722712150e-02    1.6919714089433227e+00    1.8026795889489720e+09    7.9873387870936438e-02    6.1611133835864873e-01    7.1146431118117126e-01    4.2311125581571836e-05    2.7429555585704252e-01    2.2469539981575582e-03    1.1897431700314772e-03    6.3663774074840043e-03    
80      8.9252468988502294e+00    9.4801118399005554e-02    1.5988988761389842e+00    1.8066037441087825e+09    8.2663540774227259e-02    6.1607420844343541e-01    7.1154402949443174e-01    4.0430737717110799e-05    2.7421705375120398e-01    2.2417796577746262e-03    1.1971673678266351e-03    6.3647917305144075e-03    
81      9.0111632705360698e+00    8.5916371685834242e-02    1.5176514904759131e+00    1.8105293824785335e+09    9.1211907142380255e-02    6.1615165215980761e-01    7.1137938166518955e-01    3.8520529849755498e-05    2.7438278460310539e-01    2.2221392586548438e-03    1.2372046693154871e-03    6.3452220133535311e-03    
82      9.0946305493244886e+00    8.3467278788414936e-02    1.4395925787524260e+00    1.8144885700554836e+09    9.3888242554113821e-02    6.1609196015580359e-01    7.1150724142434152e-01    3.7032415947820431e-05    2.7425525441255100e-01    2.2162473845572569e-03    1.2428425584126339e-03    6.3466345436583365e-03    
83      9.2268599854833084e+00    1.3222943615881452e-01    1.3580954153099543e+00    1.8197545129883440e+09    1.1853028106096401e-01    6.1638409163600894e-01    7.1088530038610176e-01    3.4607874086171975e-05    2.7487728595008415e-01    2.1572929003187448e-03    1.3640647236577621e-03    6.2867009052200171e-03    
84      9.2985450916277603e+00    7.1685106144447924e-02    1.2612952186965398e+00    1.8249009157574384e+09    1.0931972536146538e-01    6.1603677153352354e-01    7.1162656061701468e-01    3.3573736522400447e-05    2.7413504160241831e-01    2.1796621947717996e-03    1.2977419230515014e-03    6.3326726656897404e-03    
85      9.4454087382608023e+00    1.4686364663304108e-01    1.1620910693774893e+00    1.8309585265032389e+09    1.0644935642929644e-01    6.1577384787224643e-01    7.1218860276685625e-01    3.2386519143958790e-05    2.7357134527185484e-01    2.1866282063606355e-03    1.2615981093073796e-03    6.3646918659455501e-03    
86      9.5558219833963243e+00    1.1041324513552336e-01    1.0774360073845477e+00    1.8385554063582323e+09    1.4123205130249744e-01    6.1595943833495581e-01    7.1179436333780277e-01    3.0094735421502637e-05    2.7396046619717157e-01    2.1026678417402256e-03    1.4056336145415245e-03    6.3120270127908886e-03    
87      9.7116625571405493e+00    1.5584057374422033e-01    9.7497280932984920e-01    1.8467774625824976e+09    1.5009463254782848e-01    6.1566106006024213e-01    7.1243336268616153e-01    2.8824334536925350e-05    2.7331465138525352e-01    2.0810475355045864e-03    1.3994799446497802e-03    6.3478868533623119e-03    
88      9.8017109022026112e+00    9.0048345062043150e-02    8.3603332323172019e-01    1.8553050035852354e+09    8.6586205946984254e-02    6.1478929543167760e-01    7.1429724897254510e-01    2.9681602280974763e-05    2.7145428748402067e-01    2.2342190953622623e-03    1.0727372085790026e-03    6.5170783766805721e-03    
89      9.8681279959003358e+00    6.6417093697723639e-02    7.9206214304137135e-01    1.8615258314782667e+09    1.1739364245916110e-01    6.1478368892006297e-01    7.1431188312682403e-01    2.8407665035919289e-05    2.7142924829079801e-01    2.1595663125631055e-03    1.1651742017891624e-03    6.5109731424583105e-03    
90      9.9607729419658479e+00    9.2644946065512851e-02    7.0992402051831471e-01    1.8681311982705929e+09    8.3722644514373959e-02    6.1448462095801826e-01    7.1495184060412076e-01    2.8835868028570911e-05    2.7079366206136135e-01    2.2408669591177897e-03    1.0090688491299386e-03    6.5809783977102210e-03    
91      9.9861858714875176e+00    2.5412929521665146e-02    8.0783370647275032e-01    1.8732027846762457e+09    3.0521785687414321e-01    6.1453603643300014e-01    7.1486088171868845e-01    2.3128720673541988e-05    2.7080076376661616e-01    1.7038740634052313e-03    1.6351019797312485e-03    6.5815024903540416e-03    
92      1.0131523426811498e+01    1.4533755532398204e-01    1.8420485730459619e+00    1.8750198837342014e+09    9.0328095325544588e-01    6.1470867904424586e-01    7.1454288200945448e-01    8.8174408231073691e-06    2.7089027815247629e-01    2.5362650128165899e-04    3.3194367354498489e-03    6.5902118999832246e-03    
93      1.0245382985637336e+01    1.1385955882584275e-01    1.9457623608079653e+00    1.8759390185958276e+09    9.3974132613771078e-01    6.1467276329753850e-01    7.1462316541349524e-01    8.6190048562999037e-06    2.7079402595136404e-01    1.6470373268722292e-04    3.4137525642351954e-03    6.6009860728306492e-03    
94      1.0297767736609403e+01    5.2384750972067559e-02    1.6392729602710918e+00    1.8764827378571312e+09    8.6902627398097199e-01    6.1462672729067913e-01    7.1471576286081362e-01    1.0690355132173983e-05    2.7072727679067493e-01    3.3591306265863861e-04    3.2097015859711897e-03    6.6059080842181123e-03    
95      1.0410056844190773e+01    1.1228910758137416e-01    1.8690334209900186e+00    1.8769949349527447e+09    9.3889856131932914e-01    6.1464819781943814e-01    7.1467564335755052e-01    9.5914876491663005e-06    2.7074046959001152e-01    1.6617964749884639e-04    3.4095672214779714e-03    6.6038014352805541e-03    
96      1.0521268415621179e+01    1.1121157143040993e-01    1.8184225339835876e+00    1.8777024441988549e+09    9.3830654550471992e-01    6.1463480088841560e-01    7.1470420955302927e-01    1.0327984786012114e-05    2.7071117750804008e-01    1.6727689681940525e-04    3.4070812475715147e-03    6.6051795492224211e-03    
97      1.0631217265019027e+01    1.0994884939785900e-01    1.7745121308766809e+00    1.8784304397792699e+09    9.3909194494373183e-01    6.1462407873616542e-01    7.1472713871916682e-01    1.1083675755160164e-05    2.7068701547804114e-01    1.6520115041285979e-04    3.4085844456075418e-03    6.6062292704852166e-03    
98      1.0725464382354511e+01    9.4247117335483743e-02    1.6950118992671930e+00    1.8791621302668729e+09    9.2894455807427834e-01    6.1461137599404714e-01    7.1475336295053726e-01    1.2044489574920331e-05    2.7066384438377872e-01    1.9014850710657674e-04    3.3784716031501909e-03    6.6073808053210420e-03    
99      1.0811734829746811e+01    8.6270447392304356e-02    1.6369789341924095e+00    1.8798742051821544e+09    9.2237468594494021e-01    6.1460193078111158e-01    7.1477288555298202e-01    1.2870787058687523e-05    2.7064625875673265e-01    2.0737542993895760e-04    3.3576183600517529e-03    6.6082438527046480e-03    
100     1.0967660879713257e+01    1.5592604996645046e-01    1.5677982311950454e+00    1.8809303361099746e+09    9.1513647465750325e-01    6.1459136299981276e-01    7.1479457800824520e-01    1.3995266505451641e-05    2.7062708344292946e-01    2.2984641827545786e-04    3.3306774002808165e-03    6.6090722032322927e-03    
101     1.1114113541330905e+01    1.4645266161764178e-01    1.4992856097968079e+00    1.8823773590768321e+09    9.1074708170959928e-01    6.1458066420007129e-01    7.1481641290452691e-01    1.5396996489936383e-05    2.7060790377161964e-01    2.5473322198791561e-04    3.3010068763144516e-03    6.6097989685296229e-03    
102     1.1251311463554808e+01    1.3719792222390595e-01    1.4354191389244577e+00    1.8838409223929014e+09    9.0587800063884572e-01    6.1457048349233068e-01    7.1483671541163896e-01    1.6818155344502853e-05    2.7059230184131794e-01    2.9190532924017860e-04    3.2571241090464061e-03    6.6103878928805617e-03    
103     1.1366472139650899e+01    1.1516067609609087e-01    1.4932058509194008e+00    1.8851927839670613e+09    9.4461929849905835e-01    6.1457714440620503e-01    7.1482415575359226e-01    1.7621676275359114e-05    2.7059478741261961e-01    2.3535633123151364e-04    3.3241778103668589e-03    6.6091537553830222e-03    
104     1.1446377319306125e+01    7.9905179655228545e-02    1.2198528991839335e+00    1.8862584797419140e+09    8.4036882076875719e-01    6.1453286727523160e-01    7.1490947517816628e-01    1.9968229729244002e-05    2.7055221969109033e-01    5.0911627463212314e-04    3.0010924045895215e-03    6.6133809612610676e-03    
105     1.1505887008116126e+01    5.9509688810005804e-02    1.3100038908441431e+00    1.8870263952879579e+09    8.9543232852105759e-01    6.1454823533301217e-01    7.1487977712596107e-01    2.0053310429203606e-05    2.7056570977835920e-01    4.1089231755012730e-04    3.1174214481251056e-03    6.6113987590440204e-03    
106     1.1630222118960186e+01    1.2433511084405849e-01    1.2890395392685379e+00    1.8880555675189240e+09    8.9990293896784435e-01    6.1454372868977070e-01    7.1488823772831589e-01    2.1074552536926530e-05    2.7056115618484433e-01    4.4044186953113006e-04    3.0829702501380500e-03    6.6113721541021780e-03    
107     1.1777931022451389e+01    1.4770890349121218e-01    1.1962367991457685e+00    1.8898971290818486e+09    8.7566946617853658e-01    6.1444937239307074e-01    7.1507354502296094e-01    2.2927239328326399e-05    2.7045616136743367e-01    9.4421474897149742e-04    2.4826563462891252e-03    6.6257480144852289e-03    
108     1.1903796437977146e+01    1.2586541552574773e-01    1.1200360914740966e+00    1.8920022789152594e+09    8.5648061647975593e-01    6.1431585580151749e-01    7.1533500222961122e-01    2.4754215665115199e-05    2.7031418087981424e-01    1.6870904022917906e-03    1.5984056894458064e-03    6.6458193226405461e-03    
109     1.2052371060085676e+01    1.4857462210853020e-01    1.1190495447803459e+00    1.8938800112896492e+09    8.8041989553563693e-01    6.1429997501018330e-01    7.1536352191196229e-01    2.6448377825038588e-05    2.7030971212973337e-01    1.8415825259914225e-03    1.4181397360568330e-03    6.6458480578996974e-03    
110     1.2101096356320552e+01    4.8725296234875329e-02    1.0907739371078224e+00    1.8952838368838694e+09    8.8144914660065710e-01    6.1428846277905536e-01    7.1538424256516264e-01    2.7853385397596807e-05    2.7030585339608032e-01    1.9511970165867600e-03    1.2902410730674567e-03    6.6458653031738783e-03    
111     1.2245439879042664e+01    1.4434352272211451e-01    1.0590900586027570e+00    1.8966910611024027e+09    8.7994420514661664e-01    6.1427883415205264e-01    7.1540155628604229e-01    2.9301582789802883e-05    2.7030218794738170e-01    2.0417852855436386e-03    1.1845437328704062e-03    6.6458779048405876e-03    
112     1.2345725654860624e+01    1.0028577581796419e-01    1.0343241264846534e+00    1.8985020082252896e+09    8.8764810536274630e-01    6.1426889751730962e-01    7.1541934686273467e-01    3.1211528308344476e-05    2.7029804311472716e-01    2.1351284266833063e-03    1.0756328972929361e-03    6.6458899097223047e-03    
113     1.2438776158011626e+01    9.3050503150996555e-02    9.9287452012469102e-01    1.8999825575846310e+09    8.7891202587017170e-01    6.1426182438543320e-01    7.1543205970088608e-01    3.2719495473140560e-05    2.7029450987113102e-01    2.1992593288742558e-03    1.0008070575551755e-03    6.6458972855489651e-03    
114     1.2575585008323538e+01    1.3680885031190854e-01    9.6021379677130014e-01    1.9018214028363092e+09    8.7952904705614821e-01    6.1425540746163054e-01    7.1544352704806702e-01    3.4496113279998977e-05    2.7029088920476740e-01    2.2570037580581844e-03    9.3343314649582231e-04    6.6459034688001010e-03    
115     1.2659581218318424e+01    8.3996209994883678e-02    9.1751830208138430e-01    1.9036905152530677e+09    8.7081828223633029e-01    6.1425012164552595e-01    7.1545301767379976e-01    3.6039428071747257e-05    2.7028748505946121e-01    2.3027859261743008e-03    8.8001665408612333e-04    6.6459079978754181e-03    
116     1.2742339933545974e+01    8.2758715227547172e-02    8.9377102246461337e-01    1.9051808258599396e+09    8.7054067183203809e-01    6.1424702859362390e-01    7.1545855015996440e-01    3.7120638230105603e-05    2.7028526590162111e-01    2.3291549990433731e-03    8.4925058677179518e-04    6.6459104538377787e-03    
117     1.2823919170340197e+01    8.1579236794224519e-02    8.7065026366331388e-01    1.9067169503198674e+09    8.7031134977610669e-01    6.1424443374818538e-01    7.1546320558041043e-01    3.8060982448137097e-05    2.7028325511414958e-01    2.3506662905789935e-03    8.2415241353545033e-04    6.6459123583461257e-03    
118     1.2936180991670046e+01    1.1226182132984043e-01    8.3317387094069961e-01    1.9086117663071947e+09    8.6042564050092629e-01    6.1424171789702353e-01    7.1546815999117086e-01    3.8860145568253459e-05    2.7028103121163499e-01    2.3718456421286034e-03    7.9944162614856292e-04    6.6459141228173771e-03    
119     1.3077074104897013e+01    1.4089311322696124e-01    7.9412847181626567e-01    1.9111644734365985e+09    8.5544102880215478e-01    6.1423899881636490e-01    7.1547315611102458e-01    3.9621919197352523e-05    2.7027866832500164e-01    2.3922168852396385e-03    7.7567377350383244e-04    6.6459157255013990e-03    
120     1.3148655115205889e+01    7.1581010308886042e-02    7.7185754276164176e-01    1.9133327137780759e+09    8.6131617421587003e-01    6.1423726021763503e-01    7.1547636783742130e-01    4.0096340283403442e-05    2.7027708079920054e-01    2.4048093190088596e-03    7.6098177981381767e-04    6.6459166637405538e-03    
121     1.3254114683204417e+01    1.0545956799852391e-01    7.4740972169942788e-01    1.9151522093754606e+09    8.5999162132313178e-01    6.1423598697078641e-01    7.1547879955697946e-01    4.0192040113986105e-05    2.7027594404410216e-01    2.4131537419520696e-03    7.5124610964253703e-04    6.6459172466786943e-03    
122     1.3323231246891428e+01    6.9116563687017130e-02    7.2486050341875230e-01    1.9169717500641789e+09    8.6000187190395549e-01    6.1423491179647183e-01    7.1548089237203916e-01    4.0146310693915411e-05    2.7027500097695839e-01    2.4197781850428418e-03    7.4351720523684322e-04    6.6459176894975063e-03    
123     1.3425140801491857e+01    1.0190955460043163e-01    7.0289875345998143e-01    1.9188162406282034e+09    8.5998475105150085e-01    6.1423400979446841e-01    7.1548269472001313e-01    3.9950935646771339e-05    2.7027424408325140e-01    2.4248789033509193e-03    7.3756608372420535e-04    6.6459180134821301e-03    
124     1.3580640077353641e+01    1.5549927586178136e-01    6.6303472274203734e-01    1.9217788324575064e+09    8.5069307557588192e-01    6.1423280824842175e-01    7.1548519636937613e-01    3.9337428272019939e-05    2.7027333727728586e-01    2.4307671831558159e-03    7.3069611633782541e-04    6.6459183650409851e-03    
125     1.3645029935088901e+01    6.4389857735262651e-02    6.4212450643682450e-01    1.9244854871046505e+09    8.5908299468242266e-01    6.1423204547425048e-01    7.1548680639019679e-01    3.8873135251647337e-05    2.7027277977539177e-01    2.4342966887106769e-03    7.2657818472062039e-04    6.6459185651970201e-03    
126     1.3762288811961909e+01    1.1725887687300507e-01    6.1223956344961161e-01    1.9268786530658133e+09    8.4821489553896234e-01    6.1423141093403244e-01    7.1548822223185882e-01    3.8211034001151928e-05    2.7027240824303433e-01    2.4365900274095761e-03    7.2390251746731857e-04    6.6459186856975133e-03    
127     1.3845922196939778e+01    8.3633384977874842e-02    5.8514371873795157e-01    1.9296256585981226e+09    8.4347417572051886e-01    6.1423083495165764e-01    7.1548952987738246e-01    3.7529072630080335e-05    2.7027209798998303e-01    2.4384826852573921e-03    7.2169433353187469e-04    6.6459187806837943e-03    
128     1.3999591869470468e+01    1.5366967253068914e-01    5.5227822811405802e-01    1.9330110984322419e+09    8.3541960955347316e-01    6.1423024897832457e-01    7.1549090174984842e-01    3.6684261407992559e-05    2.7027183481329514e-01    2.4400660482610933e-03    7.1984701174826384e-04    6.6459188549077399e-03    
129     1.4098967343548400e+01    9.9375474077924728e-02    5.2325274534176602e-01    1.9367639068964868e+09    8.3541897131793563e-01    6.1422974204261449e-01    7.1549211226231912e-01    3.5867140660764958e-05    2.7027163738307114e-01    2.4412418561355373e-03    7.1847519053935675e-04    6.6459189067424622e-03    
130     1.4195518061931942e+01    9.6550718383537779e-02    5.0084276103863756e-01    1.9398017125848088e+09    8.3497827938595337e-01    6.1422939897584750e-01    7.1549295076864872e-01    3.5243636922177164e-05    2.7027152887864991e-01    2.4418808648007983e-03    7.1772965750756766e-04    6.6459189329394121e-03    
131     1.4289633359271816e+01    9.4115297339873560e-02    4.7962181245530700e-01    1.9428763772668939e+09    8.3509028126609219e-01    6.1422910141958209e-01    7.1549368964827020e-01    3.4660359677602193e-05    2.7027144999985397e-01    2.4423412196241472e-03    7.1719256132058221e-04    6.6459189507219680e-03    
132     1.4381355141626708e+01    9.1721782354886816e-02    4.5921494984525740e-01    1.9459823808095710e+09    8.3517735040233609e-01    6.1422884028945213e-01    7.1549434692838154e-01    3.4116058038105263e-05    2.7027139244611115e-01    2.4426737770696025e-03    7.1680456704960511e-04    6.6459189628186640e-03    
133     1.4477997485315468e+01    9.6642343688756710e-02    4.4423344909255369e-01    1.9492274705258186e+09    8.4763729924264519e-01    6.1422862671553391e-01    7.1549488834479102e-01    3.3656844331751750e-05    2.7027135039206179e-01    2.4429146752182589e-03    7.1652351194806244e-04    6.6459189711174710e-03    
134     1.4550356793070994e+01    7.2359307755524405e-02    4.0766550364802817e-01    1.9522580587377708e+09    8.0180943324288145e-01    6.1422833937207089e-01    7.1549563326357113e-01    3.2978335402879618e-05    2.7027131606471505e-01    2.4431071747933034e-03    7.1629892380272332e-04    6.6459189771835136e-03    
135     1.4676685591262913e+01    1.2632879819191800e-01    3.9944437396641169e-01    1.9559278796426337e+09    8.3489855469980057e-01    6.1422820045591486e-01    7.1549598990678120e-01    3.2663226062621546e-05    2.7027129459721405e-01    2.4432275757841895e-03    7.1615845273858528e-04    6.6459189808880034e-03    
136     1.4751209156275177e+01    7.4523565012257764e-02    3.7342885175639656e-01    1.9598611696116302e+09    8.1991859215549379e-01    6.1422798841700821e-01    7.1549654401663043e-01    3.2146347593467634e-05    2.7027127512735083e-01    2.4433341471368987e-03    7.1603411686750780e-04    6.6459189838894359e-03    
137     1.4894730457736761e+01    1.4352130146158337e-01    3.5143075217385222e-01    1.9643979111349440e+09    8.2029010519505885e-01    6.1422781201935406e-01    7.1549700711887665e-01    3.1708515584868760e-05    2.7027126179166699e-01    2.4434057558611628e-03    7.1595057171989379e-04    6.6459189857591182e-03    
138     1.4963797437259913e+01    6.9066979523146818e-02    3.3062289920486321e-01    1.9689943345169711e+09    8.2062589132914643e-01    6.1422765631166920e-01    7.1549741768832553e-01    3.1315451649222742e-05    2.7027125246554817e-01    2.4434548331236099e-03    7.1589331386920146e-04    6.6459189869528422e-03    
139     1.5096715569158082e+01    1.3291813189816731e-01    3.1099793615523502e-01    1.9735648333112686e+09    8.2091147489836969e-01    6.1422752542283721e-01    7.1549776425338196e-01    3.0979724477545924e-05    2.7027124661667468e-01    2.4434847676887057e-03    7.1585838962765955e-04    6.6459189876182838e-03    
140     1.5160634590342223e+01    6.3919021184142624e-02    2.9244391236620954e-01    1.9782706095016956e+09    8.2116195168728889e-01    6.1422740969667744e-01    7.1549807143864885e-01    3.0680044668148938e-05    2.7027124252189688e-01    2.4435052320869563e-03    7.1583451412575113e-04    6.6459189880418452e-03    
141     1.5272488228604040e+01    1.1185363826181047e-01    2.7171955168777451e-01    1.9827864471050816e+09    8.0368213854002468e-01    6.1422730572560880e-01    7.1549834820921476e-01    3.0407871317412246e-05    2.7027123997476504e-01    2.4435175327589434e-03    7.1582016313915858e-04    6.6459189882733987e-03    
142     1.5379186785679144e+01    1.0669855707509990e-01    2.6304651169115612e-01    1.9886086843833797e+09    8.5310956249377390e-01    6.1422723447788186e-01    7.1549853779290740e-01    3.0221662142206215e-05    2.7027123809200859e-01    2.4435264834441429e-03    7.1580972053326497e-04    6.6459189884331919e-03    
143     1.5445606995112593e+01    6.6420209433438626e-02    2.3112329401658807e-01    1.9933674065218153e+09    7.7240820212100680e-01    6.1422711631168259e-01    7.1549885337282715e-01    2.9908503991640060e-05    2.7027123670582348e-01    2.4435326970230807e-03    7.1580247127311415e-04    6.6459189885300233e-03    
144     1.5600546068716810e+01    1.5493907360421422e-01    2.1993341697434463e-01    1.9998357449851089e+09    8.1684206578348884e-01    6.1422706074429279e-01    7.1549900171186065e-01    2.9761481159059829e-05    2.7027123594705460e-01    2.4435360416519562e-03    7.1579856916300017e-04    6.6459189885792703e-03    
145     1.5743623858564730e+01    1.4307778984791952e-01    1.9477635139558430e-01    2.0094749891043327e+09    8.1728242656593397e-01    6.1422696842460356e-01    7.1549924851694702e-01    2.9515875395259117e-05    2.7027123523942870e-01    2.4435389918595462e-03    7.1579512722067765e-04    6.6459189886175296e-03    
146     1.5875593467345650e+01    1.3196960878091762e-01    1.7236081365340092e-01    2.0190452950927558e+09    8.1760432590019172e-01    6.1422689867862656e-01    7.1549943510645497e-01    2.9329821556015567e-05    2.7027123491471627e-01    2.4435402576085644e-03    7.1579365050121468e-04    6.6459189886315679e-03    
147     1.5933636248263140e+01    5.8042780917483432e-02    1.5598303582484208e-01    2.0264026257474995e+09    8.0565444568225852e-01    6.1422685566451563e-01    7.1549955022629808e-01    2.9214903714884107e-05    2.7027123478925208e-01    2.4435407168399248e-03    7.1579311472743789e-04    6.6459189886359845e-03    
148     1.6067894690832500e+01    1.3425844256935618e-01    1.4226210054458518e-01    2.0345471330048547e+09    8.1648495208792138e-01    6.1422682334562373e-01    7.1549963673898742e-01    2.9128495093581386e-05    2.7027123472321707e-01    2.4435409450391066e-03    7.1579284849336946e-04    6.6459189886379109e-03    
149     1.6217320825526098e+01    1.4942613469361282e-01    1.1867338904992966e-01    2.0476027240600317e+09    7.9114019173544781e-01    6.1422677914492718e-01    7.1549975507849106e-01    2.9010236996595365e-05    2.7027123467030412e-01    2.4435411160016432e-03    7.1579264903597853e-04    6.6459189886391703e-03    
150     1.6338843118054939e+01    1.2152229252885646e-01    1.0186952334371109e-01    2.0617894419890051e+09    8.1937803457559943e-01    6.1422675151278361e-01    7.1549982906610321e-01    2.8936278537494578e-05    2.7027123465078579e-01    2.4435411738106352e-03    7.1579258159184991e-04    6.6459189886395242e-03    
