# 12-09-2025 15:49:25
# star_mass = 15.6269569279461766
# num_shells = 143
# element_names = h1, he3, he4, c12, n14, o16
id      mass                      dm                        radius                    density                   pressure                  e_thermal                 buoyancy                  temperature               mean_mu                   passive_scalar            h1                        he3                       he4                       c12                       n14                       o16                       
0       1.1744473665331744e-01    1.1744473665331744e-01    7.1563808707187218e-02    1.3967839996433952e+01    6.4888182661247032e+16    7.3890209313291610e+15    1.2855938573043736e+16    3.5303663293428682e+07    6.7245835546396504e-01    0.0000000000000000e+00    6.0130634778386904e-01    2.7628368227850459e-07    3.8469675104119827e-01    7.4774745504677684e-05    7.6665400408419690e-03    1.8605628443732424e-03    
1       1.7347585791106185e-01    5.6031121257744398e-02    2.4644588301067313e-01    1.3382671731636401e+01    6.1092332899364360e+16    7.2578020230769430e+15    1.2987032842255838e+16    3.4708898375611238e+07    6.7245835543298749e-01    0.0000000000000000e+00    6.0130634783986447e-01    2.7628394952073522e-07    3.8469675098208594e-01    7.4774729146421991e-05    7.6665400590645392e-03    1.8605628453584528e-03    
2       3.2107625199863316e-01    1.4760039408757131e-01    2.9098544173146174e-01    1.2858181484802543e+01    5.7780524993955816e+16    7.1420191891712500e+15    1.3120468165279812e+16    3.4178979629271142e+07    6.7245835540420495e-01    0.0000000000000000e+00    6.0130634789178961e-01    2.7628419145180927e-07    3.8469675092778083e-01    7.4774716981003132e-05    7.6665400724847095e-03    1.8605628462416753e-03    
3       4.0007416134074292e-01    7.8997909342109762e-02    3.3816641045396906e-01    1.2366242194372148e+01    5.4732094049741408e+16    7.0322736542355190e+15    1.3255082699185484e+16    3.3674816314322665e+07    6.7245835537682230e-01    0.0000000000000000e+00    6.0130634794112914e-01    2.7628441606816420e-07    3.8469675087648714e-01    7.4774707219731995e-05    7.6665400831538687e-03    1.8605628470633778e-03    
4       4.9126656140797192e-01    9.1192400067229007e-02    3.6456678994425190e-01    1.2031810878162744e+01    5.2701477748756400e+16    6.9584170404726290e+15    1.3355416676455636e+16    3.3333019619820405e+07    6.7245835535835430e-01    0.0000000000000000e+00    6.0130634797436777e-01    2.7628456310866926e-07    3.8469675084212351e-01    7.4774701758839338e-05    7.6665400890498113e-03    1.8605628476063480e-03    
5       6.2843009023923846e-01    1.3716352883126653e-01    3.9547876044732705e-01    1.1614418090299438e+01    5.0213053850440064e+16    6.8669332944443880e+15    1.3491256208281764e+16    3.2906860744881868e+07    6.7245835533559506e-01    0.0000000000000000e+00    6.0130634801529548e-01    2.7628473882195941e-07    3.8469675079999288e-01    7.4774696090776111e-05    7.6665400950860713e-03    1.8605628482651845e-03    
6       7.0976102606957236e-01    8.1330935830333906e-02    4.2313929908454517e-01    1.1245640051966189e+01    4.8053626070989248e+16    6.7862754831095560e+15    1.3620896584764034e+16    3.2528960018956326e+07    6.7245835531567577e-01    0.0000000000000000e+00    6.0130634805108973e-01    2.7628488755988907e-07    3.8469675076328491e-01    7.4774691927430363e-05    7.6665400994454010e-03    1.8605628488342198e-03    
7       8.1875386007111350e-01    1.0899283400154114e-01    4.4415025064487190e-01    1.0938831430996585e+01    4.6289654402691384e+16    6.7200515275177890e+15    1.3738012079774996e+16    3.2216238932410114e+07    6.7245835529945575e-01    0.0000000000000000e+00    6.0130634808021788e-01    2.7628500420611089e-07    3.8469675073351411e-01    7.4774689114455914e-05    7.6665401023264653e-03    1.8605628492922074e-03    
8       9.1406465020422611e-01    9.5310790133112611e-02    4.6629498556976956e-01    1.0634152530364760e+01    4.4564746480902936e+16    6.6547258771925450e+15    1.3862484589612520e+16    3.1905870924761564e+07    6.7245835528356257e-01    0.0000000000000000e+00    6.0130634810874584e-01    2.7628511469866497e-07    3.8469675070442844e-01    7.4774686764100367e-05    7.6665401046791268e-03    1.8605628497372604e-03    
9       1.0183601567069680e+00    1.0429550650274189e-01    4.8575960730160805e-01    1.0344853999481250e+01    4.2953466384575576e+16    6.5934475994100630e+15    1.3989624519719340e+16    3.1612523970735937e+07    6.7245835526874476e-01    0.0000000000000000e+00    6.0130634813533290e-01    2.7628521386504462e-07    3.8469675067738346e-01    7.4774684921517017e-05    7.6665401064684585e-03    1.8605628501490860e-03    
10      1.1487092487566204e+00    1.3034909204965239e-01    5.0815305535286859e-01    1.0026991549709882e+01    4.1213911905840832e+16    6.5272086657912870e+15    1.4140779898259874e+16    3.1292550746576034e+07    6.7245835525271602e-01    0.0000000000000000e+00    6.0130634816408191e-01    2.7628531674444068e-07    3.8469675064819964e-01    7.4774683261216973e-05    7.6665401080182553e-03    1.8605628505916241e-03    
11      1.2800380893116887e+00    1.3132884055506833e-01    5.3153517924458327e-01    9.6684718891653496e+00    3.9287168399510984e+16    6.4533601038494350e+15    1.4325663044341018e+16    3.0932650382090081e+07    6.7245835523504272e-01    0.0000000000000000e+00    6.0130634819577000e-01    2.7628542475127965e-07    3.8469675061609493e-01    7.4774681773934467e-05    7.6665401093290635e-03    1.8605628510766003e-03    
12      1.3893686750271739e+00    1.0933058571548515e-01    5.5128588677303636e-01    9.3691888229524860e+00    3.7711489290189264e+16    6.3932567813330420e+15    1.4494923288111192e+16    3.0635946831166148e+07    6.7245835522045283e-01    0.0000000000000000e+00    6.0130634822192253e-01    2.7628550942268819e-07    3.8469675058964259e-01    7.4774680782540109e-05    7.6665401101371289e-03    1.8605628514749555e-03    
13      1.4990960989066009e+00    1.0972742387942702e-01    5.6855833152248225e-01    9.0996550684514776e+00    3.6316161436915800e+16    6.3401005992129520e+15    1.4659410008247540e+16    3.0370719035617180e+07    6.7245835520753872e-01    0.0000000000000000e+00    6.0130634824506612e-01    2.7628558075936996e-07    3.8469675056626396e-01    7.4774680062931193e-05    7.6665401106693143e-03    1.8605628518262231e-03    
14      1.6350990361588362e+00    1.3600293725223533e-01    5.8857705127731641e-01    8.8042490835820502e+00    3.4813136703325404e+16    6.2830845080727530e+15    1.4854424831896464e+16    3.0082731884592850e+07    6.7245835519343866e-01    0.0000000000000000e+00    6.0130634827033147e-01    2.7628565476309336e-07    3.8469675054076957e-01    7.4774679419272605e-05    7.6665401110856861e-03    1.8605628522085815e-03    
15      1.7273649266540954e+00    9.2265890495259129e-02    6.0654999388959607e-01    8.5364252415720863e+00    3.3474842167385988e+16    6.2327635893232420e+15    1.5046368463683032e+16    2.9824842764444247e+07    6.7245835518015962e-01    0.0000000000000000e+00    6.0130634829412255e-01    2.7628572098968254e-07    3.8469675051678426e-01    7.4774678920392872e-05    7.6665401113533991e-03    1.8605628525677970e-03    
16      1.7917970438234299e+00    6.4432117169334502e-02    6.1761115225055863e-01    8.3687151911004172e+00    3.2649520969254120e+16    6.2021681157360090e+15    1.5175143541716490e+16    2.9665744065758344e+07    6.7245835517078045e-01    0.0000000000000000e+00    6.0130634831092522e-01    2.7628576575908677e-07    3.8469675049985536e-01    7.4774678621388629e-05    7.6665401114806081e-03    1.8605628528210864e-03    
17      1.8939190904676613e+00    1.0212204664423141e-01    6.3040037384652836e-01    8.1744654125178773e+00    3.1707311672451672e+16    6.1680064172284800e+15    1.5334211228297614e+16    2.9485114460405227e+07    6.7245835515700758e-01    0.0000000000000000e+00    6.0130634833559771e-01    2.7628582905535864e-07    3.8469675047500906e-01    7.4774678238518502e-05    7.6665401116022347e-03    1.8605628531925774e-03    
18      2.0286689039584291e+00    1.3474981349076787e-01    6.4807379313141711e-01    7.9075542962914378e+00    3.0444197761482572e+16    6.1251987199426450e+15    1.5576760771554204e+16    2.9249917845267769e+07    6.7245835514164121e-01    0.0000000000000000e+00    6.0130634836312280e-01    2.7628589666300369e-07    3.8469675044730367e-01    7.4774677871537967e-05    7.6665401116681508e-03    1.8605628536065533e-03    
19      2.1752079472540919e+00    1.4653904329566281e-01    6.6639920440122169e-01    7.6235148853984400e+00    2.9140225128243268e+16    6.0854498517441690e+15    1.5869440368382238e+16    2.9017776272519890e+07    6.7245835513159413e-01    0.0000000000000000e+00    6.0130634838111918e-01    2.7628593855746449e-07    3.8469675042919826e-01    7.4774677671427979e-05    7.6665401116650456e-03    1.8605628538769143e-03    
20      2.2692928046804779e+00    9.4084857426385948e-02    6.8692049136790545e-01    7.3722506231279912e+00    2.8032145919779580e+16    6.0578482917875880e+15    1.6166791135660384e+16    2.8825400160257652e+07    6.7205609193507299e-01    0.0000000000000000e+00    6.0202737794701811e-01    8.2390439055543900e-07    3.8397325747312760e-01    7.1654574889950018e-05    7.6604099494524238e-03    1.8717288905904549e-03    
21      2.3405115374752015e+00    7.1218732794723572e-02    6.9354575269853136e-01    7.1054252669089255e+00    2.7326699669677168e+16    6.1245390989184110e+15    1.6743661303454634e+16    2.8589784383704919e+07    6.5870331690018291e-01    0.0000000000000000e+00    6.2646302150092048e-01    5.0156075205374552e-06    3.5947305299722748e-01    3.9906509181698026e-05    7.3119042373674462e-03    2.3123518872511630e-03    
22      2.4781724181435800e+00    1.3766088066837856e-01    7.1415024368115443e-01    6.6946263056128421e+00    2.6394833794295880e+16    6.2713786395307210e+15    1.7817081306332998e+16    2.8199760290053416e+07    6.3293229603495849e-01    0.0000000000000000e+00    6.7655776749699337e-01    6.4642834751870507e-06    3.0916790010639245e-01    3.0543728310465839e-05    5.8710431944158162e-03    3.9715339298813128e-03    
23      2.5803574216159499e+00    1.0218500347236992e-01    7.2253911039666363e-01    6.3344901157920610e+00    2.5385491944525984e+16    6.3710804609209860e+15    1.8769313981653608e+16    2.7860757624510586e+07    6.1484065208152239e-01    0.0000000000000000e+00    7.1426797754174165e-01    8.0546736812922830e-06    2.7112802039755668e-01    1.8037919945868815e-05    3.6036684967644165e-03    6.5794937097786868e-03    
24      2.6557925592534981e+00    7.5435137637548166e-02    7.3843665615579734e-01    6.1676365822296964e+00    2.4629279816567612e+16    6.3528877763953040e+15    1.9065843110446204e+16    2.7734846730801262e+07    6.1471500746875574e-01    0.0000000000000000e+00    7.1453775714911016e-01    8.9533144871610752e-06    2.7085349407343084e-01    1.7403611377138110e-05    3.5782120184314095e-03    6.6094325726318509e-03    
25      2.7453991107610491e+00    8.9606551507551035e-02    7.4988901077340131e-01    6.0204923904704275e+00    2.3971178438646304e+16    6.3386485288002890e+15    1.9346276885376212e+16    2.7630908741387781e+07    6.1469391624320679e-01    0.0000000000000000e+00    7.1458283798650402e-01    9.8366950895007757e-06    2.7080723853137889e-01    1.6968081863338215e-05    3.5771889855734343e-03    6.6111824590593749e-03    
26      2.8738061583026404e+00    1.2840704754159127e-01    7.6505520286574313e-01    5.8390941167370407e+00    2.3174285118136800e+16    6.3243598495677340e+15    1.9720908096514948e+16    2.7511364362468496e+07    6.1467234052231645e-01    0.0000000000000000e+00    7.1462888783631118e-01    1.1058336277746483e-05    2.7075970209495354e-01    1.6575072595957880e-05    3.5762513891878797e-03    6.6127780101422210e-03    
27      3.0062198716949404e+00    1.3241371339230001e-01    7.8261946067282206e-01    5.6201734838009560e+00    2.2232463369972140e+16    6.3119966317071900e+15    2.0219401934066652e+16    2.7379393914441686e+07    6.1465116098302741e-01    0.0000000000000000e+00    7.1467393773100774e-01    1.2755722260794843e-05    2.7071298427980039e-01    1.7740276125543532e-05    3.5737388396370369e-03    6.6140958906370697e-03    
28      3.1600049293902854e+00    1.5378505769534501e-01    8.0786433719877604e-01    5.3869881854484944e+00    2.1253404193575824e+16    6.3054942117910170e+15    2.0814836136501936e+16    2.7255216458358917e+07    6.1463237618417288e-01    0.0000000000000000e+00    7.1471342418318629e-01    1.4891305412007669e-05    2.7067310141367562e-01    2.8856582233812147e-05    3.5599749764857482e-03    6.6150042784751456e-03    
29      3.2461387112063362e+00    8.6133781816050803e-02    8.1833266861602172e-01    5.2126878972506576e+00    2.0579935703869424e+16    6.4274691088579220e+15    2.2170535378603544e+16    2.8887912805159502e+07    6.6513793456025450e-01    3.6881040239157059e-01    6.1462086878126243e-01    1.0461917788004628e-05    3.7105341317414620e-01    6.6478504128000747e-05    5.4554792885424981e-03    4.3985510736016193e-03    
30      3.3195512859471186e+00    7.3412574740782333e-02    8.2747128886903143e-01    5.1091681546833492e+00    2.0085471744801644e+16    6.4453584390998080e+15    2.2739549339098832e+16    2.9337116115855131e+07    6.8410011048538555e-01    4.9320945495313828e-01    5.8085741584239325e-01    8.8134620382289794e-06    4.0491435713591450e-01    8.0806096642671986e-05    6.0929462093932494e-03    3.6509139930868554e-03    
31      3.4324375606835531e+00    1.1288627473643453e-01    8.4133539439970551e-01    4.9925270689962487e+00    1.9507891489442188e+16    6.4317075721890970e+15    2.3167700208361680e+16    2.9457875970774259e+07    6.9443062233747188e-01    5.5812639931196539e-01    5.6323903729150171e-01    8.0573739046202724e-06    4.2258391411495017e-01    9.0719490645535007e-05    6.4227713367976842e-03    3.2607531316689018e-03    
32      3.5855441163513135e+00    1.5310655566776044e-01    8.5655738956139027e-01    4.8334629546685655e+00    1.8714261327655936e+16    6.3878594540130420e+15    2.3587403318939092e+16    2.9342029087754872e+07    7.0003168640186086e-01    5.9253338250780618e-01    5.5390372486794859e-01    7.8945679472266436e-06    4.3194717225261103e-01    1.0234081174468032e-04    6.5901352779542711e-03    3.0539849612627604e-03    
33      3.7076930694375183e+00    1.2214895308620477e-01    8.7634688800438876e-01    4.6758921175845982e+00    1.7930069815431568e+16    6.3359099367916180e+15    2.3968669942655144e+16    2.9148731637321252e+07    7.0346119793806494e-01    6.1333708181477398e-01    5.4826091989524328e-01    7.9439873967875883e-06    4.3760758468306121e-01    1.1453152907829281e-04    6.6852884112045090e-03    2.9289842334844847e-03    
34      3.8554683492169408e+00    1.4777527977942251e-01    8.9386810806327555e-01    4.5276795014092324e+00    1.7192922808475932e+16    6.2846986943482900e+15    2.4348202132804712e+16    2.8973147322701771e+07    7.0752644484887439e-01    6.3772840353363713e-01    5.4164308084793045e-01    7.8534915286245081e-06    4.4424572733474277e-01    1.2587238692979687e-04    6.8003181690566060e-03    2.7824005092802616e-03    
35      3.9488272012433234e+00    9.3358852026382610e-02    9.0981684163041454e-01    4.3999470007046737e+00    1.6561720931649032e+16    6.2366318389711820e+15    2.4666589082368452e+16    2.8788109593286663e+07    7.1018193621512493e-01    6.5351196919839416e-01    5.3736104268082718e-01    7.8625389441488935e-06    4.4854105301532499e-01    1.3450765978082602e-04    6.8732451253316297e-03    2.6875417192599249e-03    
36      4.0975801667584610e+00    1.4875296551513761e-01    9.2410073186736241e-01    4.2753016434566185e+00    1.5951047942665026e+16    6.1846022398980800e+15    2.4950297253398668e+16    2.8553127971015107e+07    7.1103199985694110e-01    6.5854961424850011e-01    5.3599674521318308e-01    8.0979482454544937e-06    4.4991064827274962e-01    1.4501531177974481e-04    6.8874596642420670e-03    2.6572863292685213e-03    
37      4.1811782796208039e+00    8.3598112862342866e-02    9.4077000848861980e-01    4.1593581880209172e+00    1.5386728058096978e+16    6.1359766711624050e+15    2.5235116201606404e+16    2.8344071753275592e+07    7.1242527224287655e-01    6.6676936850822011e-01    5.3376799143399167e-01    8.2386697641947562e-06    4.5214697435585161e-01    1.5425103478145294e-04    6.9199008219098983e-03    2.6078964231697381e-03    
38      4.2428245538335867e+00    6.1646274212782792e-02    9.4867375402977117e-01    4.0884322810367868e+00    1.5044148867335670e+16    6.1038353316588260e+15    2.5394817728281120e+16    2.8189760063583810e+07    7.1238134748831106e-01    6.6651862341241752e-01    5.3383787518617587e-01    8.4574179583663492e-06    4.5207763172449172e-01    1.5994789881559847e-04    6.9119272222925125e-03    2.6094132897345516e-03    
39      4.3780386462061109e+00    1.3521409237252424e-01    9.6454894566381777e-01    3.9939523953063687e+00    1.4590270101682634e+16    6.0626913165833370e+15    2.5638157345002668e+16    2.8010465334546413e+07    7.1343670252235425e-01    6.7272655816039495e-01    5.3215515055978346e-01    8.5884029535649632e-06    4.5376655779625580e-01    1.6997456595244030e-04    6.9328586782091582e-03    2.5721227363140662e-03    
40      4.4906876716714956e+00    1.1264902546538469e-01    9.7938100738873102e-01    3.8782175018825042e+00    1.4038474399064182e+16    6.0109674272481830e+15    2.5944589817547092e+16    2.7783488379885618e+07    7.1467127858488655e-01    6.7996458250181990e-01    5.3019299247177754e-01    8.7593670062464945e-06    4.5573581014965581e-01    1.8095095209254668e-04    6.9581037166762845e-03    2.5286360822601240e-03    
41      4.5586360200354026e+00    6.7948348363906952e-02    9.8835457449521347e-01    3.7959128645794946e+00    1.3648284783295084e+16    5.9768134484588240e+15    2.6208676785796644e+16    2.7662240074471254e+07    7.1728688218047831e-01    6.9519613448036777e-01    5.2605892991695768e-01    8.5936874988434015e-06    4.5988240791423807e-01    1.8650475229110437e-04    7.0317315613320150e-03    2.4370849071508418e-03    
42      4.6599467518894491e+00    1.0131073185404649e-01    9.9805279538357305e-01    3.7200096705843002e+00    1.3292796303450598e+16    5.9379963719151680e+15    2.6378926340524936e+16    2.7457585669037461e+07    7.1611583787558730e-01    6.8847496188637347e-01    5.2790384502609544e-01    9.0248273610040844e-06    4.5804219278997665e-01    2.4848699853123666e-04    6.9230241932764685e-03    2.4786789042277159e-03    
43      4.7793390108617624e+00    1.1939225897231331e-01    1.0146989789322658e+00    3.6229599986079464e+00    1.2841429077503736e+16    5.8924881501341280e+15    2.6658541488563892e+16    2.7250608744433988e+07    7.1687721444648767e-01    6.9337001937174125e-01    5.2669074262554250e-01    9.2167395411092405e-06    4.5931497065477433e-01    5.9143892654541571e-04    6.5418746628972914e-03    2.4570091301678765e-03    
44      4.8781163623636541e+00    9.8777351501891708e-02    1.0267007448201024e+00    3.5294255936051733e+00    1.2409672760446356e+16    5.8445663111485100e+15    2.6902027149487220e+16    2.7010182395211965e+07    7.1618274734406284e-01    6.8936177505289020e-01    5.2778558316921487e-01    9.6685166240076758e-06    4.5822143007224247e-01    6.2011291301041199e-04    6.4872308620424713e-03    2.4812272063343484e-03    
45      5.0164004752098670e+00    1.3828411284621289e-01    1.0436768131969647e+00    3.4300500062893367e+00    1.1954425586080760e+16    5.7962838863873460e+15    2.7213473585844648e+16    2.6794492090587016e+07    7.1721627542947552e-01    6.9537193799125208e-01    5.2615496770060177e-01    9.8453172598071619e-06    4.5985834164947342e-01    6.3172077408292786e-04    6.5054562176500600e-03    2.4449210804004221e-03    
46      5.1040063713599277e+00    8.7605896150060758e-02    1.0573139514704633e+00    3.3376249106882181e+00    1.1534742881177072e+16    5.7504765823452240e+15    2.7514445595714092e+16    2.6589163627447024e+07    7.1817636614019098e-01    7.0093783230146023e-01    5.2464449031399163e-01    1.0009732655862484e-05    4.6137430614271929e-01    6.4041280236426122e-04    6.5247354725483974e-03    2.4112982751891120e-03    
47      5.2456802640823721e+00    1.4167389272244435e-01    1.0714317475580089e+00    3.2458740664906638e+00    1.1122362856567764e+16    5.7032825126457490e+15    2.7812466570976324e+16    2.6367647805801917e+07    7.1855470978311753e-01    7.0313544673519712e-01    5.2405000826693793e-01    1.0287255300804396e-05    4.6197228041541599e-01    6.5307547131068138e-04    6.5215774830216554e-03    2.3980238474815905e-03    
48      5.3246994163909021e+00    7.9019152308529961e-02    1.0855376502352341e+00    3.1595725846608711e+00    1.0738495724875560e+16    5.6549360578060770e+15    2.8062508139455768e+16    2.6114733986657582e+07    7.1720174407905235e-01    6.9533356633797916e-01    5.2617590704882666e-01    1.0913751961647093e-05    4.5984483441079937e-01    6.8290256242876425e-04    6.4455358546098773e-03    2.4451591108423684e-03    
49      5.4690712460492517e+00    1.4437182965834960e-01    1.0995223531235645e+00    3.0740176366662557e+00    1.0360308203580090e+16    5.6126541624974060e+15    2.8404956715330872e+16    2.5940444410188418e+07    7.1922916780624513e-01    7.0704595272990878e-01    5.2299185072180121e-01    1.0847363312220387e-05    4.6303627454539642e-01    6.7373958240998593e-04    6.5181380737769296e-03    2.3744024527717301e-03    
50      5.6216626715038025e+00    1.5259142545455084e-01    1.1151908103257264e+00    2.9630936305094240e+00    9.8762569535870460e+15    5.5511495379935840e+15    2.8793874072427316e+16    2.5637036332079958e+07    7.1881873612366809e-01    7.0469740762325161e-01    5.2363424061723929e-01    1.1409554494305171e-05    4.6239495957424503e-01    6.9420473661477387e-04    6.4818458555795256e-03    2.3885924012957112e-03    
51      5.7181965211849652e+00    9.6533849681162742e-02    1.1341414127089033e+00    2.8725809808045994e+00    9.4854436835561820e+15    5.5007830017528320e+15    2.9139221531671176e+16    2.5394729917864516e+07    7.1892843070459655e-01    7.0534033676730956e-01    5.2346183033360483e-01    1.1789094517617772e-05    4.6256923613350959e-01    7.0476741175767767e-04    6.4729203231533305e-03    2.3847094429255804e-03    
52      5.7893051973715384e+00    7.1108676186573128e-02    1.1431604502376707e+00    2.8127609438687711e+00    9.2298333460342280e+15    5.4649660378735150e+15    2.9347121681823536e+16    2.5205441355782256e+07    7.1782735183984869e-01    6.9899673379166394e-01    5.2518965950098717e-01    1.2321872600055080e-05    4.6083949324348528e-01    7.2522508337992831e-04    6.4155191441181061e-03    2.4230338948980764e-03    
53      5.8859078179791231e+00    9.6602620607584733e-02    1.1569080576562674e+00    2.7538406586413577e+00    8.9787538794881760e+15    5.4355698488938430e+15    2.9649235009934812e+16    2.5096067398937371e+07    7.2022234799910534e-01    7.1279127331545900e-01    5.2143722558784011e-01    1.2022835195999591e-05    4.6459893521850026e-01    7.0297672596848694e-04    6.5143951493248590e-03    2.3396972226389506e-03    
54      5.9513087877758011e+00    6.5400969796677977e-02    1.1658110796473666e+00    2.6979111208327566e+00    8.7431497946821440e+15    5.4009549513472660e+15    2.9851988140811964e+16    2.4910080103699666e+07    7.1895390100051004e-01    7.0550592600164386e-01    5.2342109002466575e-01    1.2583328587587815e-05    4.6261254077833541e-01    7.2416993102103044e-04    6.4511577679021550e-03    2.3837109089567365e-03    
55      6.0799300012931967e+00    1.2862121351739564e-01    1.1769784271882022e+00    2.6317304716009486e+00    8.4660732794536540e+15    5.3631749705435430e+15    3.0153818184928348e+16    2.4731809808712237e+07    7.1939992416891541e-01    7.0807887296323735e-01    5.2272234396870865e-01    1.2777284251609453e-05    4.6331319673492438e-01    7.2513548248069582e-04    6.4636318085690425e-03    2.3681674605340831e-03    
56      6.1777193239360670e+00    9.7789322642870324e-02    1.1933256983371052e+00    2.5561744317111295e+00    8.1527899352022890e+15    5.3192984435721180e+15    3.0510217354253988e+16    2.4521856283514902e+07    7.1976288125149968e-01    7.1017182637903986e-01    5.2215430182712619e-01    1.3027229042601665e-05    4.6388294239718098e-01    7.2737354135014366e-04    6.4720839294623430e-03    2.3555238153062812e-03    
57      6.2641335528033926e+00    8.6414228867325527e-02    1.2051056685988493e+00    2.4960615210009758e+00    7.9050549566395410e+15    5.2840334508087750e+15    3.0811601505153248e+16    2.4358074275741164e+07    7.2038945157050449e-01    7.1377316775759136e-01    5.2117533863208798e-01    1.3128891429804644e-05    4.6486402856161552e-01    7.2440396111303463e-04    6.4945853725003298e-03    2.3337673207218679e-03    
58      6.3736392616194726e+00    1.0950570881608002e-01    1.2171170217324518e+00    2.4330194132994714e+00    7.6480012156925210e+15    5.2452562600128530e+15    3.1116808364709860e+16    2.4164257888342157e+07    7.2012141845092337e-01    7.1224032553030692e-01    5.2159360474425487e-01    1.3466542863847361e-05    4.6444560230759635e-01    7.3241460757355042e-04    6.4771364311651440e-03    2.3430281060147335e-03    
59      6.4273697504618665e+00    5.3730488842393953e-02    1.2285487534286026e+00    2.3814677186491693e+00    7.4394363077279090e+15    5.2106090368033100e+15    3.1337105855753204e+16    2.3974375956249069e+07    7.1857510842692185e-01    7.0335100722267863e-01    5.2401375960572161e-01    1.4104060298481903e-05    4.6202198048188087e-01    7.5571565151447172e-04    6.4029612009366957e-03    2.3967317391164859e-03    
60      6.5380762236354704e+00    1.1070647317360383e-01    1.2370666421919747e+00    2.3301000622534689e+00    7.2330078492265780e+15    5.1806105899892450e+15    3.1639718157880044e+16    2.3839370709797628e+07    7.1957427778312211e-01    7.0910545028164507e-01    5.2244849102158009e-01    1.4040513814990097e-05    4.6359009987490701e-01    7.4636602204602520e-04    6.4442878248523964e-03    2.3619674822680900e-03    
61      6.6359139996211836e+00    9.7837775985713193e-02    1.2513001073598518e+00    2.2662478587514494e+00    6.9783823337562000e+15    5.1414195357499810e+15    3.2009685009158308e+16    2.3653451586554084e+07    7.2014864809183077e-01    7.1240823164443057e-01    5.2155057959167428e-01    1.4122980411850804e-05    4.6448983674497407e-01    7.4284879540671093e-04    6.4658500683005757e-03    2.3420145587010324e-03    
62      6.7681921681366211e+00    1.3227816851543750e-01    1.2685514221905687e+00    2.1971035671868488e+00    6.7051858371377100e+15    5.0982044948907490e+15    3.2428249893588220e+16    2.3447774382619753e+07    7.2076584223896434e-01    7.1595096085567000e-01    5.2058733983457606e-01    1.4181596564749794e-05    4.6545498064321622e-01    7.3857340771182542e-04    6.4895652526954150e-03    2.3206120047042250e-03    
63      6.8653352083232990e+00    9.7143040186677965e-02    1.2822760567235163e+00    2.1297763208306990e+00    6.4420143966112290e+15    5.0514933794752640e+15    3.2790417321725432e+16    2.3197872803093906e+07    7.1921124684403315e-01    7.0703039001649770e-01    5.2301613066675245e-01    1.4836870531937162e-05    4.6302270956047931e-01    7.6204286441760346e-04    6.4150283532017904e-03    2.3745044240855336e-03    
64      7.0059022818566961e+00    1.4056707353339704e-01    1.2999249539516586e+00    2.0611657953047375e+00    6.1766136679662660e+15    5.0085340011653840e+15    3.3268913784870236e+16    2.2999305014507066e+07    7.2044664442549511e-01    7.1412917865793413e-01    5.2108491914369370e-01    1.4656297151397780e-05    4.6495728601520447e-01    7.4898453011141078e-04    6.4677883079181063e-03    2.3316184453894416e-03    
65      7.0990159265770716e+00    9.3113644720375532e-02    1.3152176183553272e+00    1.9955704987212692e+00    5.9249603180543950e+15    4.9649605479600450e+15    3.3724952934242980e+16    2.2789991551442169e+07    7.2099584391344163e-01    7.1727871304728208e-01    5.2022846711630311e-01    1.4632875315022155e-05    4.6581537208603596e-01    7.4437783322838489e-04    6.4898116185436111e-03    2.3125912100424146e-03    
66      7.1720473612004252e+00    7.3031434623353597e-02    1.3266907993565167e+00    1.9495432483588486e+00    5.7512291403488190e+15    4.9287788529799090e+15    3.3957880311850996e+16    2.2572136126018103e+07    7.1790389245985231e-01    6.9950496766426895e-01    5.2506657854611349e-01    1.5632825242575300e-05    4.6096989603943783e-01    7.8672284423409193e-04    6.3464539248426245e-03    2.4199685595978318e-03    
67      7.2562513521340257e+00    8.4203990933600537e-02    1.3373913766375431e+00    1.9066212233353488e+00    5.5895634848488960e+15    4.9026339777564840e+15    3.4331698725888136e+16    2.2462719875574570e+07    7.1974594692879124e-01    7.1011551675065643e-01    5.2217912527807941e-01    1.5140205705244661e-05    4.6386205524559415e-01    7.6392637446156034e-04    6.4291389177381156e-03    2.3558667178901786e-03    
68      7.3913379744499927e+00    1.3508662231596702e-01    1.3558286353615143e+00    1.8475705471373987e+00    5.3700068162128660e+15    4.8611958769217980e+15    3.4769604538673524e+16    2.2245433101113442e+07    7.1905908326655577e-01    7.0616882627149369e-01    5.2325396932739210e-01    1.5396853345975981e-05    4.6278579420927368e-01    7.7484690067329770e-04    6.3955353143411693e-03    2.3797101344424638e-03    
69      7.5299227362220646e+00    1.3858476177207191e-01    1.3721607646722878e+00    1.7755876627502101e+00    5.1054840318803280e+15    4.8107490537473530e+15    3.5351173691188704e+16    2.1984469351859801e+07    7.1863105009729056e-01    7.0370700482208992e-01    5.2392479078821486e-01    1.5545035129614161e-05    4.6211425414438861e-01    7.8257898713494944e-04    6.3735008233143792e-03    2.3945829612861216e-03    
70      7.6813575409177517e+00    1.5143480469568704e-01    1.3926260557304531e+00    1.7010918514197559e+00    4.8354278680502000e+15    4.7591078936458640e+15    3.6023851968767436e+16    2.1723985808154006e+07    7.1894614480486063e-01    7.0552473210786537e-01    5.2343078100593654e-01    1.5416678688806462e-05    4.6260937361968724e-01    7.8023095363690960e-04    6.3858489241986277e-03    2.3836015573205577e-03    
71      7.7999672974590135e+00    1.1860975654126182e-01    1.4109131438388467e+00    1.6327574738516182e+00    4.5963898090865080e+15    4.6813737270711420e+15    3.6046485343561960e+16    2.1093919213115111e+07    6.9894206978245432e-01    5.8899231009881026e-01    5.5567317717376841e-01    2.1461772533286843e-05    4.3031763533891293e-01    1.0495046580541118e-03    5.4544644802070460e-03    3.0890093159927526e-03    
72      7.8597926623651873e+00    5.9825364906173739e-02    1.4234432014580163e+00    1.5830261156715675e+00    4.4406407148374600e+15    4.6184393022972860e+15    3.5788726946073504e+16    2.0360825044736627e+07    6.6877238183658205e-01    4.1082792748314090e-01    6.0794838493823400e-01    3.0773832723440914e-05    3.7796462329448488e-01    1.4536663566255517e-03    4.0319749784679297e-03    4.1758293389326665e-03    
73      7.9474385188843657e+00    8.7645856519178444e-02    1.4325841976090559e+00    1.5412259990471584e+00    4.3144757662950095e+15    4.6164896518102370e+15    3.6500447189016472e+16    2.0307306863440003e+07    6.6972933192301209e-01    4.3394916020103708e-01    6.0621733863438310e-01    2.9354761119431075e-05    3.7970358576212998e-01    1.3982682535865442e-03    4.2067168642229849e-03    4.0499884640265316e-03    
74      8.0236794105814120e+00    7.6240891697046287e-02    1.4481514490829275e+00    1.4956679617285871e+00    4.1775489414684220e+15    4.6092367238091770e+15    3.7214435795304688e+16    2.0181651819216564e+07    6.6763083726815375e-01    4.3919696668561048e-01    6.1001781119136167e-01    2.8745490407773679e-05    3.7590356056840218e-01    1.3867793039776398e-03    4.2323910610830807e-03    4.0359651242363685e-03    
75      8.1658473542994674e+00    1.4216794371805541e-01    1.4637351729221539e+00    1.4361502371812160e+00    3.9996097404127320e+15    4.6013548284501630e+15    3.8235242732066296e+16    2.0029254171276540e+07    6.6551245723828079e-01    4.5273273165537048e-01    6.1387840840765528e-01    2.7559221287009843e-05    3.7204557678562639e-01    1.3559881643777111e-03    4.3142272042633366e-03    3.9834929562588463e-03    
76      8.2198638410116107e+00    5.4016486712143319e-02    1.4793847987751167e+00    1.3842983759631413e+00    3.8455175302114180e+15    4.5889963182151750e+15    3.9069355290322328e+16    1.9824142445185646e+07    6.6021610661027519e-01    4.3784320159099871e-01    6.2364077790412964e-01    2.7738974925331726e-05    3.6227452169412749e-01    1.3923879832237679e-03    4.1697534039180527e-03    4.1000727791444310e-03    
77      8.3352951422762622e+00    1.1543130126465151e-01    1.4931446969472026e+00    1.3400897621553325e+00    3.7154069544172670e+15    4.5856858655096970e+15    3.9965378495550536e+16    1.9720321202385902e+07    6.5905233480350889e-01    4.5692996769431021e-01    6.2580636361442388e-01    2.6399099182651410e-05    3.6011254303396367e-01    1.3474338737060588e-03    4.2905165468414023e-03    4.0219965713508866e-03    
78      8.4607975877110633e+00    1.2550244543480105e-01    1.5135103584581331e+00    1.2794192245285005e+00    3.5365928948072775e+15    4.5774383096978510e+15    4.1215158225117192e+16    1.9540827443285692e+07    6.5597479977437001e-01    4.7338239107651703e-01    6.3157125848031948e-01    2.5048949172837097e-05    3.5434723179407623e-01    1.3085419384590187e-03    4.3688987277385547e-03    3.9842728497025770e-03    
79      8.5478708763984788e+00    8.7073288687415484e-02    1.5279579913463737e+00    1.2277070360731015e+00    3.3847088619162870e+15    4.5686922417055500e+15    4.2327723260178376e+16    1.9364680282144912e+07    6.5236193981292590e-01    4.8155170825175370e-01    6.3840884476224080e-01    2.4194261293943797e-05    3.4750508929828644e-01    1.2890442943275602e-03    4.3765169184823557e-03    4.0015632048373195e-03    
80      8.6725148606389038e+00    1.2464398424042500e-01    1.5461426611393130e+00    1.1776422102810840e+00    3.2379931617367640e+15    4.5600399936751800e+15    4.3485914271510600e+16    1.9190835946742240e+07    6.4886907716908804e-01    4.9336734064863025e-01    6.4509202557102829e-01    2.3254047577227732e-05    3.4081615208200727e-01    1.2605511286220301e-03    4.3961246233353143e-03    4.0171452868984570e-03    
81      8.8263277805532834e+00    1.5381291991437962e-01    1.5655871109407045e+00    1.1142503053686634e+00    3.0526616938225520e+15    4.5475875126258770e+15    4.5053926959867904e+16    1.8953189698347040e+07    6.4384483032528927e-01    5.0744989412952080e-01    6.5483325213402677e-01    2.2189985095601659e-05    3.3106214887207747e-01    1.2261819578333851e-03    4.3794343892841403e-03    4.0820454011513303e-03    
82      8.9702287987872857e+00    1.4390101823400236e-01    1.5947362311027162e+00    1.0495713429038567e+00    2.8640576489188145e+15    4.5334380064355890e+15    4.6799199227948416e+16    1.8694828313617926e+07    6.3827620037603805e-01    5.2658798600215395e-01    6.6581046350232398e-01    2.1050746992835494e-05    3.2006380332013540e-01    1.1791545132186557e-03    4.3332511411510169e-03    4.1975295156469030e-03    
83      9.0646568237066578e+00    9.4428024919372078e-02    1.6134964271964964e+00    1.0000881104515287e+00    2.7199796136768535e+15    4.5200598492332360e+15    4.8213743255515168e+16    1.8472507259265888e+07    6.3307143396444876e-01    5.2962380975655898e-01    6.7624630443978628e-01    2.0688344755435936e-05    3.0959987296497155e-01    1.1705755830226628e-03    4.1541059053708659e-03    4.4137055015617301e-03    
84      9.1889685488101449e+00    1.2431172510348709e-01    1.6362380755837809e+00    9.5612349075489855e-01    2.5923658115906240e+15    4.5082544042587490e+15    4.9586068922003824e+16    1.8274450859924741e+07    6.2860295962428148e-01    5.4827441564400836e-01    6.8534615959261080e-01    1.9890603742138200e-05    3.0046435263944871e-01    1.1240908521154562e-03    4.0073298815053735e-03    4.6434291700461847e-03    
85      9.3100513709350636e+00    1.2108282212491872e-01    1.6593092665593572e+00    9.0870416098112194e-01    2.4550649601210960e+15    4.4935011063574605e+15    5.1149155804507800e+16    1.8040048438139979e+07    6.2295791016836566e-01    5.5922136068698258e-01    6.9703216608940977e-01    1.9445850993248547e-05    2.8871398058678471e-01    1.0950371756502340e-03    3.6214496329609294e-03    5.1231734036696610e-03    
86      9.4212648284682086e+00    1.1121345753314493e-01    1.6844714973925803e+00    8.6522189514278469e-01    2.3304910888914145e+15    4.4802329797524990e+15    5.2699262917554536e+16    1.7810503230643809e+07    6.1696830399349034e-01    5.6672189671895479e-01    7.0967507989884326e-01    1.9217874672801075e-05    2.7595197530775684e-01    1.0722921546873006e-03    2.8392852271365665e-03    6.0474022763718832e-03    
87      9.5272421362868638e+00    1.0597730781865522e-01    1.7035350192266463e+00    8.2948015066604541e-01    2.2183555021050740e+15    4.4500672306513520e+15    5.3867028117458328e+16    1.7608838950570859e+07    6.1462798408739328e-01    7.8637202296103814e-01    7.1470580839497078e-01    1.2773204784839737e-05    2.7076892214221776e-01    5.3700132551809669e-04    2.9769117867678757e-03    6.6038358852092780e-03    
88      9.6410206759940316e+00    1.1377853970716778e-01    1.7257116808227713e+00    7.9729157884883306e-01    2.1094177191654688e+15    4.4044491665383670e+15    5.4778669038774720e+16    1.7409327597417966e+07    6.1460840578179965e-01    7.8916106978638489e-01    7.1474805326255653e-01    1.3026895625864790e-05    2.7072480078000416e-01    5.2994349932584939e-04    2.9820204213754065e-03    6.6074078805808132e-03    
89      9.7937778483242628e+00    1.5275717233023123e-01    1.7521987873274214e+00    7.5933642516474409e-01    1.9826412588009170e+15    4.3492804523036860e+15    5.5930528560844752e+16    1.7167646286891297e+07    6.1459465607577701e-01    7.9366437300420667e-01    7.1477788537907538e-01    1.3354730225542261e-05    2.7069255570795747e-01    5.1868695964048554e-04    2.9936898341438147e-03    6.6090801284259815e-03    
90      9.8393402000167782e+00    4.5562351692515435e-02    1.7706515414744819e+00    7.3211318729669161e-01    1.8927467396998555e+15    4.3084070010552700e+15    5.6808150030660064e+16    1.6988758931301929e+07    6.1458053132950230e-01    7.8466836894613012e-01    7.1480735405978191e-01    1.3962745643309193e-05    2.7066588433757061e-01    5.4026579903849190e-04    2.9671764890441209e-03    6.6106093083901970e-03    
91      9.9770692016434825e+00    1.3772900162670432e-01    1.7910972161256495e+00    7.0729493425584522e-01    1.8117573234778990e+15    4.2706750666963670e+15    5.7659081385553920e+16    1.6822848539957702e+07    6.1457487331287763e-01    7.8922103141614153e-01    7.1481983055847420e-01    1.4201066544228224e-05    2.7065122590711055e-01    5.2902214890817125e-04    2.9798063966142967e-03    6.6111666618170846e-03    
92      1.0060536172130705e+01    8.3466970487222625e-02    1.8139649221901939e+00    6.7830788853398727e-01    1.7181002321920560e+15    4.2252626586444395e+15    5.8707653273182992e+16    1.6623444351428915e+07    6.1456570669185995e-01    7.8868846531131642e-01    7.1483937630093575e-01    1.4677732050822025e-05    2.7063126075533661e-01    5.3011675354371350e-04    2.9776531124890838e-03    6.6121680851128012e-03    
93      1.0193735643058810e+01    1.3319947092810480e-01    1.8367397478497001e+00    6.5056218702719859e-01    1.6295894196729262e+15    4.1808493107851470e+15    5.9781259366340704e+16    1.6427814248936137e+07    6.1455952417995374e-01    7.9031620137672631e-01    7.1485268867820695e-01    1.5130514777626573e-05    2.7061676848663885e-01    5.2613757337378821e-04    2.9818481053220593e-03    6.6126793811492942e-03    
94      1.0283001770473458e+01    8.9266127414648011e-02    1.8619515815254977e+00    6.2299139780581003e-01    1.5426323849268198e+15    4.1353149899278035e+15    6.0915965320222448e+16    1.6227394730711261e+07    6.1455325827157592e-01    7.9107173056390090e-01    7.1486608021927878e-01    1.5655928050316102e-05    2.7060254598957434e-01    5.2472016623793054e-04    2.9830165895985972e-03    6.6132338467286824e-03    
95      1.0438435358954855e+01    1.5543358848139732e-01    1.8825920606625992e+00    5.9343687996030747e-01    1.4506920181173180e+15    4.0852836264989245e+15    6.2224813841086072e+16    1.6006451170694256e+07    6.1454557528906362e-01    7.8750989308532304e-01    7.1488207387415914e-01    1.6380410793565579e-05    2.7058747994231241e-01    5.3510948217879784e-04    2.9703394849349110e-03    6.6138695450898297e-03    
96      1.0517837423565229e+01    7.9402064610373913e-02    1.9150319170976799e+00    5.6610703142463947e-01    1.3667177338863028e+15    4.0372555946704600e+15    6.3520500342621264e+16    1.5794766928225538e+07    6.1454070919206039e-01    7.8932999613877086e-01    7.1489240671067023e-01    1.7001882307082513e-05    2.7057641226459767e-01    5.3468582532765910e-04    2.9705344297568052e-03    6.6142116268091810e-03    
97      1.0612379533301132e+01    9.4542109735902713e-02    1.9318937858559462e+00    5.4634054617499850e-01    1.3067180890421892e+15    4.0016973566167125e+15    6.4520831154789840e+16    1.5637641398577930e+07    6.1453623672759161e-01    7.8759347114411959e-01    7.1490157797790355e-01    1.7559668878139168e-05    2.7056819937201881e-01    5.4400448453302466e-04    2.9594040201893815e-03    6.6145072159457521e-03    
98      1.0724023223382884e+01    1.1164369008175257e-01    1.9561124880064147e+00    5.2349714355980448e-01    1.2381239823710505e+15    3.9595277890379830e+15    6.5747394256905712e+16    1.5451197936389489e+07    6.1453266897010295e-01    7.9015440547363602e-01    7.1490898465035746e-01    1.8166532276858510e-05    2.7056079051878906e-01    5.4774949397602397e-04    2.9548984431834102e-03    6.6146631008857258e-03    
99      1.0807226644290738e+01    8.3203420907853598e-02    1.9808527953017494e+00    5.0251729776522891e-01    1.1758256024697045e+15    3.9196120633144030e+15    6.6945241219557608e+16    1.5274760526569070e+07    6.1452655976359682e-01    7.8500626912762017e-01    7.1492111382283552e-01    1.8914707032479752e-05    2.7055196455034219e-01    5.7234296635176585e-04    2.9258733258133839e-03    6.6150433670933316e-03    
100     1.0925030058159203e+01    1.1780341386846516e-01    2.0035236540640078e+00    4.8139308624886701e-01    1.1138377094307168e+15    3.8783730475837880e+15    6.8232359707707080e+16    1.5092218854652949e+07    6.1452393354776391e-01    7.9058674358474956e-01    7.1492642925939232e-01    1.9535209100584895e-05    2.7054697826695950e-01    5.7803670629005583e-04    2.9192355193189004e-03    6.6150377784074043e-03    
101     1.1030498812808331e+01    1.0546875464912731e-01    2.0311413138017222e+00    4.5867456814706886e-01    1.0479716624738648e+15    3.8325228013126175e+15    6.9712516954328760e+16    1.4889344502109082e+07    6.1451757674211349e-01    7.8726795440238573e-01    7.1493879373313651e-01    2.0429554130850621e-05    2.7053908770778956e-01    6.1046319124201517e-04    2.8811515383295305e-03    6.6153270148402591e-03    
102     1.1126466955604528e+01    9.5968142796197142e-02    2.0583422358837193e+00    4.3875080954760859e-01    9.9092450677088150e+14    3.7909894993140140e+15    7.1103689821489048e+16    1.4705576736365652e+07    6.1451318761926399e-01    7.8845658638293870e-01    7.1494724669174492e-01    2.1213723080708158e-05    2.7053381033952617e-01    6.3429062878424540e-04    2.8532724991288953e-03    6.6154188572037200e-03    
103     1.1250953459292765e+01    1.2448650368823699e-01    2.0889521540926399e+00    4.1757955556425902e-01    9.3107832524556812e+14    3.7454548430932630e+15    7.2690973646034432e+16    1.4503944504127147e+07    6.1450786028713733e-01    7.8994537015815169e-01    7.1495736886343531e-01    2.2120296195328323e-05    2.7052831196997906e-01    6.6755719084703484e-04    2.8143631477877246e-03    6.6155312712242020e-03    
104     1.1356439056970258e+01    1.0548559767749310e-01    2.1172144827809452e+00    3.9623714772362467e-01    8.7154238307409525e+14    3.6977674758742370e+15    7.4414623370593792e+16    1.4293001102083694e+07    6.1450085296592394e-01    7.8776324656551511e-01    7.1497060242512156e-01    2.3159429620616748e-05    2.7052186299996828e-01    7.1467828629546612e-04    2.7591800007800878e-03    6.6157695976826417e-03    
105     1.1449659736661911e+01    9.3220679691652819e-02    2.1453918432055592e+00    3.7831894639502173e-01    8.2227384356452988e+14    3.6565180027375200e+15    7.5974509252495888e+16    1.4109334231368965e+07    6.1442253885651055e-01    7.8642547425744302e-01    7.1512506920478136e-01    2.4101555799800523e-05    2.7043204620371536e-01    1.1178019430784572e-03    2.2777029020548956e-03    6.6285309300388867e-03    
106     1.1577640590915621e+01    1.2798085425371042e-01    2.1728183636557858e+00    3.5893701988936749e-01    7.6970167512831762e+14    3.6104439249270250e+15    7.7793597249968384e+16    1.3903721570915818e+07    6.1431261491734590e-01    7.8884289167076205e-01    7.1534103131706506e-01    2.5185107843635176e-05    2.7031186038683208e-01    1.7119280050621249e-03    1.5694276895377014e-03    6.6458202331279390e-03    
107     1.1646757296263196e+01    6.9116705347575191e-02    2.2005282316158423e+00    3.4229169616166855e-01    7.2503482877813312e+14    3.5689378890840050e+15    7.9466851582446784e+16    1.3720548129466422e+07    6.1430100316458591e-01    7.8778847447521549e-01    7.1536199112526888e-01    2.6208384077825419e-05    2.7030838670558183e-01    1.8230004478190474e-03    1.4398244778863034e-03    6.6458415988347704e-03    
108     1.1745883826334754e+01    9.9126530071558250e-02    2.2268334045478482e+00    3.2841859136657875e-01    6.8826157497147888e+14    3.5333447475758330e+15    8.0960202049605888e+16    1.3563281772735737e+07    6.1429229015281361e-01    7.8864715738345637e-01    7.1537769602453649e-01    2.7108347658491841e-05    2.7030565539164109e-01    1.9062524657330799e-03    1.3426846224899088e-03    6.6458558874095590e-03    
109     1.1901855821670841e+01    1.5597199533608652e-01    2.2616526844991718e+00    3.0802742811219014e-01    6.3495247013106838e+14    3.4790094524602280e+15    8.3334038176020496e+16    1.3323327459583292e+07    6.1428052772594588e-01    7.8694143537323991e-01    7.1539888478977576e-01    2.8552447794966645e-05    2.7030159349696192e-01    2.0176910901131368e-03    1.2126579514095961e-03    6.6458729634132378e-03    
110     1.2006341667694246e+01    1.0448584602340460e-01    2.2985588685891707e+00    2.8815084617046716e-01    5.8381115334435275e+14    3.4230494115997400e+15    8.5870165416572000e+16    1.3077300122669183e+07    6.1427071396604582e-01    7.9169264650014259e-01    7.1541650848078675e-01    3.0087135399576098e-05    2.7029788022203866e-01    2.1103713387159388e-03    1.1045197628451297e-03    6.6458857996826506e-03    
111     1.2150305100112472e+01    1.4396343241822684e-01    2.3407974849711373e+00    2.6984507760565080e-01    5.3751658833169894e+14    3.3689201072904180e+15    8.8444552274564400e+16    1.2839635971209198e+07    6.1426224637152482e-01    7.7788376668795134e-01    7.1543177013280768e-01    3.1595157759074140e-05    2.7029398631917367e-01    2.1876330214934390e-03    1.0143729038613631e-03    6.6458952043734493e-03    
112     1.2216299235526384e+01    6.5994135413911081e-02    2.3736448450496730e+00    2.5508723329095229e-01    5.0066455228673150e+14    3.3223079859413990e+15    9.0681049409825536e+16    1.2637267925458910e+07    6.1425703851763735e-01    7.8520824392344024e-01    7.1544106341765268e-01    3.2886404708892833e-05    2.7029142524940014e-01    2.2357779659319499e-03    9.5819893432062993e-04    6.6459007674543732e-03    
113     1.2343121395280756e+01    1.2682215975437217e-01    2.4040936723204211e+00    2.4181419214962915e-01    4.6810602474806275e+14    3.2795772862056930e+15    9.2894608408074672e+16    1.2450028288664551e+07    6.1425295830985738e-01    7.9123331757732540e-01    7.1544833109481720e-01    3.4086998565772346e-05    2.7028912463989457e-01    2.2727869068248068e-03    9.1501836951543916e-04    6.6459047298507564e-03    
114     1.2469136028778820e+01    1.2601463349806430e-01    2.4459189261640812e+00    2.2511937835504084e-01    4.2777255392179894e+14    3.2229246057247265e+15    9.5933000000261616e+16    1.2202866960317617e+07    6.1424812370933435e-01    7.8679428804722518e-01    7.1545699869697355e-01    3.5528811188940167e-05    2.7028602795548518e-01    2.3148664241990483e-03    8.6592194156568335e-04    6.6459089100562594e-03    
115     1.2569564829054444e+01    1.0042880027562440e-01    2.4896109414530505e+00    2.1079782516903819e-01    3.9376024323991119e+14    3.1715153013059775e+15    9.8805356808270624e+16    1.1979478043708216e+07    6.1424475836319481e-01    7.8903280439812296e-01    7.1546301233612575e-01    3.6723313610128745e-05    2.7028361281190416e-01    2.3436264234199845e-03    8.3236626266394655e-04    6.6459115917446030e-03    
116     1.2640808973900251e+01    7.1244144845806545e-02    2.5230266230359821e+00    2.0031906393144239e-01    3.6923653198374006e+14    3.1320666825646100e+15    1.0108813425667029e+17    1.1808627904108154e+07    6.1424261069137365e-01    7.9094071108679198e-01    7.1546686140163651e-01    3.7521308868975808e-05    2.7028193390366589e-01    2.3614365163345994e-03    8.1158644691703636e-04    6.6459131620454125e-03    
117     1.2761268504981237e+01    1.2045953108098573e-01    2.5574938270851111e+00    1.8892261188646881e-01    3.4295127593943962e+14    3.0874497630307950e+15    1.0378131799683064e+17    1.1615484080575690e+07    6.1424051186271089e-01    7.8901049601742834e-01    7.1547066715463281e-01    3.8218691747277995e-05    2.7028019419644500e-01    2.3780181253977455e-03    7.9224002634408516e-04    6.6459145449017333e-03    
118     1.2800730044489447e+01    3.9461539508209853e-02    2.5871776927245813e+00    1.7978423422493500e-01    3.2213364521837944e+14    3.0497714705229175e+15    1.0609951232743699e+17    1.1453494275559273e+07    6.1423896061433936e-01    7.8597507963016111e-01    7.1547350927684139e-01    3.8668832280074018e-05    2.7027886399650963e-01    2.3897912080592335e-03    7.7850393977667092e-04    6.6459154860015607e-03    
119     1.2923345228441272e+01    1.2261518395182591e-01    2.6232380757789771e+00    1.7071000331163608e-01    3.0175342180716894e+14    3.0111257004865080e+15    1.0858809442239368e+17    1.1287109454298893e+07    6.1423773464874154e-01    7.9080049615584980e-01    7.1547575152261855e-01    3.9065327788101471e-05    2.7027775533360093e-01    2.3989722071713500e-03    7.6779215715077058e-04    6.6459161911388096e-03    
120     1.3026809921333134e+01    1.0346469289186189e-01    2.6610026154801232e+00    1.5858327146959639e-01    2.7491521889134588e+14    2.9564152173720975e+15    1.1220338347837822e+17    1.1053181769153805e+07    6.1423616214153942e-01    7.9064614582707049e-01    7.1547870005346115e-01    3.9351527726484775e-05    2.7027634355256963e-01    2.4099105054876165e-03    7.5503010924230971e-04    6.6459169909813195e-03    
121     1.3142845543059176e+01    1.1603562172604143e-01    2.7010250763824555e+00    1.4728483996719283e-01    2.5033771467514100e+14    2.9017698081762935e+15    1.1591271735550542e+17    1.0821623450255573e+07    6.1423491247575990e-01    7.9117423530207420e-01    7.1548109777168478e-01    3.9410887510900943e-05    2.7027523085094907e-01    2.4179771732087190e-03    7.4561850802037986e-04    6.6459175480948832e-03    
122     1.3287552637899532e+01    1.4470709484035638e-01    2.7693878708783433e+00    1.3446688637703574e-01    2.2302152719485450e+14    2.8352520856632870e+15    1.2062142054360595e+17    1.0541605894077573e+07    6.1423367223365966e-01    7.9023418241588494e-01    7.1548355393554364e-01    3.9215427729872500e-05    2.7027417606933934e-01    2.4252130691589427e-03    7.3717621941543176e-04    6.6459180182814586e-03    
123     1.3389850094563304e+01    1.0229745666377177e-01    2.8261759652348930e+00    1.2298272270570081e-01    1.9912695816638491e+14    2.7714022611549610e+15    1.2542080755834883e+17    1.0273691047105614e+07    6.1423267651894409e-01    7.8900381280317178e-01    7.1548559173189663e-01    3.8831997690444679e-05    2.7027338670155820e-01    2.4304032982884510e-03    7.3112067450704758e-04    6.6459183355278813e-03    
124     1.3453264508221325e+01    6.3414413658021473e-02    2.8681166572964822e+00    1.1559788677840105e-01    1.8405231813714541e+14    2.7275913457925205e+15    1.2884069722018813e+17    1.0090989955924904e+07    6.1423211373817321e-01    7.8997250672952446e-01    7.1548677423275675e-01    3.8507736055992045e-05    2.7027297110472515e-01    2.4330592680744138e-03    7.2802190842211284e-04    6.6459184894341449e-03    
125     1.3554095368112181e+01    1.0083085989085561e-01    2.9146868385102422e+00    1.0847995442359286e-01    1.6976222877486119e+14    2.6832531239685060e+15    1.3244272855807974e+17    9.9065932443211731e+06    6.1423161172788188e-01    7.8960677412292257e-01    7.1548785806211979e-01    3.8114939524426351e-05    2.7027263319746453e-01    2.4351781093322191e-03    7.2554982448315214e-04    6.6459186065444490e-03    
126     1.3664173891652299e+01    1.1007852354011760e-01    2.9706044026984468e+00    9.9724813548525901e-02    1.5250177937691181e+14    2.6250000839364810e+15    1.3732491263145720e+17    9.6661332694298420e+06    6.1423104462546885e-01    7.9003677493410718e-01    7.1548911148828942e-01    3.7566799320577791e-05    2.7027228572256412e-01    2.4373250606918866e-03    7.2304494876759319e-04    6.6459187198350672e-03    
127     1.3766117816953360e+01    1.0194392530106100e-01    3.0258971576899665e+00    9.1342762684199816e-02    1.3632782744170984e+14    2.5648042746489310e+15    1.4255654370073235e+17    9.4197630279532671e+06    6.1423054876671446e-01    7.9139316132504689e-01    7.1549023623440222e-01    3.6983458061019462e-05    2.7027201711095633e-01    2.4389618814768294e-03    7.2113525298780890e-04    6.6459188015844150e-03    
128     1.3856623152988128e+01    9.0505336034768291e-02    3.0792197257474383e+00    8.4084897648091655e-02    1.2262184541849100e+14    2.5085963908616675e+15    1.4761939717959379e+17    9.1916262073239293e+06    6.1423013936188464e-01    7.8992931853545145e-01    7.1549119011478490e-01    3.6410066641194677e-05    2.7027182723760079e-01    2.4401056155843970e-03    7.1980084932212320e-04    6.6459188555351148e-03    
129     1.3985095242800423e+01    1.2847208981229485e-01    3.1361188456368154e+00    7.6171409919581823e-02    1.0802874078440128e+14    2.4424793946865575e+15    1.5385013035633827e+17    8.9250982354206815e+06    6.1422973730916752e-01    7.9058335089217213e-01    7.1549214672160877e-01    3.5774619631763847e-05    2.7027166618710563e-01    2.4410663035945258e-03    7.1868000919922599e-04    6.6459188983287237e-03    
130     1.4119438284529087e+01    1.3434304172866440e-01    3.2251507189506388e+00    6.7244104328137697e-02    9.2021261435189250e+13    2.3599171459525755e+15    1.6193630726286973e+17    8.5964174121554121e+06    6.1422931111302081e-01    7.9060523992545551e-01    7.1549318372478909e-01    3.5017147302669317e-05    2.7027152530424048e-01    2.4418982175390806e-03    7.1770941256437022e-04    6.6459189330329753e-03    
131     1.4218388280108005e+01    9.8949995578918148e-02    3.3213392688608314e+00    5.9840747175415474e-02    7.9145672730295750e+13    2.2833411836462580e+15    1.6970522609763738e+17    8.2959582512243288e+06    6.1422898608585452e-01    7.9330925311711431e-01    7.1549398929068797e-01    3.4385619460466419e-05    2.7027143713027474e-01    2.4424134171153497e-03    7.1710832885743439e-04    6.6459189530725400e-03    
132     1.4342184063518983e+01    1.2379578341097819e-01    3.3895331055922799e+00    5.3131484656144166e-02    6.7842007698691984e+13    2.2066431138961945e+15    1.7788329418010221e+17    7.9979627131743152e+06    6.1422869657546286e-01    7.8957598299989773e-01    7.1549472027646865e-01    3.3773818793757991e-05    2.7027137636385118e-01    2.4427639387388238e-03    7.1669937590132179e-04    6.6459189657148933e-03    
133     1.4491237079039257e+01    1.4905301552027339e-01    3.4822179916750828e+00    4.5448722054162616e-02    5.5358083808089102e+13    2.1073416692999820e+15    1.8892975119584083e+17    7.6177163349044360e+06    6.1422840059806483e-01    7.9235976784817430e-01    7.1549547636834943e-01    3.3116173658401040e-05    2.7027132585948221e-01    2.4430516002416007e-03    7.1636376236362180e-04    6.6459189753733322e-03    
134     1.4554069499647291e+01    6.2832420608033956e-02    3.6029448143248759e+00    3.9975874902770887e-02    4.6780111648836070e+13    2.0258704707593132e+15    1.9808590790596182e+17    7.3123435289939456e+06    6.1422819129903317e-01    7.9278127190258285e-01    7.1549601684438657e-01    3.2629794434922729e-05    2.7027129789907367e-01    2.4432084223362754e-03    7.1618079897886123e-04    6.6459189802582459e-03    
135     1.4676262924737488e+01    1.2219342509019704e-01    3.6865687221573098e+00    3.5365449856024203e-02    3.9819734399846680e+13    1.9502864216955420e+15    2.0714164494981507e+17    7.0306780999187930e+06    6.1422802501434415e-01    7.9137936579181412e-01    7.1549644993363182e-01    3.2229808289537799e-05    2.7027128064651651e-01    2.4433035276514724e-03    7.1606984037530358e-04    6.6459189830039523e-03    
136     1.4793645332631582e+01    1.1738240789409460e-01    3.8056195707808027e+00    2.9834963904265776e-02    3.1787026719729617e+13    1.8460703475276660e+15    2.1975284812399386e+17    6.6497393464829288e+06    6.1422782425820066e-01    7.8387020337770130e-01    7.1549697617048535e-01    3.1734507318156537e-05    2.7027126438193860e-01    2.4433915572562555e-03    7.1596713709505772e-04    6.6459189853749984e-03    
137     1.4947478063842997e+01    1.5383273121141450e-01    3.9788611352352472e+00    2.4029053216836720e-02    2.3804502906709156e+13    1.7162598071806590e+15    2.3594202857142410e+17    6.1842789376186375e+06    6.1422764528157792e-01    7.9117754842935750e-01    7.1549744756053035e-01    3.1284681337214208e-05    2.7027125292138077e-01    2.4434521794173751e-03    7.1589640992822205e-04    6.6459189868746521e-03    
138     1.5094290524387524e+01    1.4681246054452757e-01    4.1526784966762271e+00    1.8236453239690982e-02    1.6396893134553059e+13    1.5558898499273342e+15    2.5650167714853600e+17    5.6217833237006916e+06    6.1422746534254402e-01    7.9401217968276505e-01    7.1549792397200107e-01    3.0823243109266496e-05    2.7027124484458070e-01    2.4434935587656320e-03    7.1584813321374586e-04    6.6459189877982813e-03    
139     1.5220766018792178e+01    1.2647549440465333e-01    4.3642186280587776e+00    1.3512225622167050e-02    1.0866852947769270e+13    1.3879455374469328e+15    2.7801479024666493e+17    5.0467146718432670e+06    6.1422732285841786e-01    7.9487914783401603e-01    7.1549830263860459e-01    3.0452583053468593e-05    2.7027124044930473e-01    2.4435152267206529e-03    7.1582285355540026e-04    6.6459189882297019e-03    
140     1.5354993784021742e+01    1.3422776522956426e-01    4.6573672605942917e+00    9.3987602497548478e-03    6.5534564045954092e+12    1.1974196889292630e+15    3.0271542284483507e+17    4.4047923925345410e+06    6.1422720512159901e-01    7.9458152533365611e-01    7.1549861632297063e-01    3.0143373457420312e-05    2.7027123794726471e-01    2.4435270632570680e-03    7.1580904407890652e-04    6.6459189884399885e-03    
141     1.5490196298198928e+01    1.3520251417718576e-01    5.0688826147824297e+00    5.5382767936627813e-03    3.0878735601902354e+12    9.4746541937355288e+14    3.3448921775946560e+17    3.5715101299685435e+06    6.1422710459021701e-01    7.9964176671381970e-01    7.1549888460207289e-01    2.9877724496248881e-05    2.7027123644864970e-01    2.4435338524960871e-03    7.1580112320578570e-04    6.6459189885477192e-03    
142     1.5626956927946177e+01    1.3676062974724879e-01    6.0744469080112387e+00    1.0802234586983518e-03    3.4698487253438080e+11    5.4506908475613488e+14    5.7075321293300397e+17    2.0614732029240583e+06    6.1422701350815678e-01    7.9485866542554318e-01    7.1549912798196236e-01    2.9635851297869529e-05    2.7027123557094068e-01    2.4435376264274598e-03    7.1579672023976582e-04    6.6459189886003966e-03    
